0.000000000000e+00 2.552946224338e-05 0.000000000000e+00 9.999744705378e-01
4.024623115578e-06 2.836108388446e-05 4.024623115578e-06 9.999716389161e-01
8.049246231156e-06 3.147834353820e-05 8.049246231156e-06 9.999685216565e-01
1.207386934673e-05 3.490673269541e-05 1.207386934673e-05 9.999650932673e-01
1.609849246231e-05 3.867365468081e-05 1.609849246231e-05 9.999613263453e-01
2.012311557789e-05 4.280853094100e-05 2.012311557789e-05 9.999571914691e-01
2.414773869347e-05 4.734290963183e-05 2.414773869347e-05 9.999526570904e-01
2.817236180905e-05 5.231057618044e-05 2.817236180905e-05 9.999476894238e-01
3.219698492462e-05 5.774766545297e-05 3.219698492462e-05 9.999422523345e-01
3.622160804020e-05 6.369277511388e-05 3.622160804020e-05 9.999363072249e-01
4.024623115578e-05 7.018707971603e-05 4.024623115578e-05 9.999298129203e-01
4.427085427136e-05 7.727444501248e-05 4.427085427136e-05 9.999227255550e-01
4.829547738693e-05 8.500154193230e-05 4.829547738693e-05 9.999149984581e-01
5.232010050251e-05 9.341795961318e-05 5.232010050251e-05 9.999065820404e-01
5.634472361809e-05 1.025763168339e-04 5.634472361809e-05 9.998974236832e-01
6.036934673367e-05 1.125323711398e-04 6.036934673367e-05 9.998874676289e-01
6.439396984925e-05 1.233451249066e-04 6.439396984925e-05 9.998766548751e-01
6.841859296482e-05 1.350769275382e-04 6.841859296482e-05 9.998649230725e-01
7.244321608040e-05 1.477935729481e-04 7.244321608040e-05 9.998522064271e-01
7.646783919598e-05 1.615643914313e-04 7.646783919598e-05 9.998384356086e-01
8.049246231156e-05 1.764623349884e-04 8.049246231156e-05 9.998235376650e-01
8.451708542714e-05 1.925640551263e-04 8.451708542714e-05 9.998074359449e-01
8.854170854271e-05 2.099499721253e-04 8.854170854271e-05 9.997900500279e-01
9.256633165829e-05 2.287043347300e-04 9.256633165829e-05 9.997712956653e-01
9.659095477387e-05 2.489152691937e-04 9.659095477387e-05 9.997510847308e-01
1.006155778894e-04 2.706748165896e-04 1.006155778894e-04 9.997293251834e-01
1.046402010050e-04 2.940789572811e-04 1.046402010050e-04 9.997059210427e-01
1.086648241206e-04 3.192276214404e-04 1.086648241206e-04 9.996807723786e-01
1.126894472362e-04 3.462246845005e-04 1.126894472362e-04 9.996537753155e-01
1.167140703518e-04 3.751779464324e-04 1.167140703518e-04 9.996248220536e-01
1.207386934673e-04 4.061990937558e-04 1.207386934673e-04 9.995938009062e-01
1.247633165829e-04 4.394036432138e-04 1.247633165829e-04 9.995605963568e-01
1.287879396985e-04 4.749108660743e-04 1.287879396985e-04 9.995250891339e-01
1.328125628141e-04 5.128436920656e-04 1.328125628141e-04 9.994871563079e-01
1.368371859296e-04 5.533285920042e-04 1.368371859296e-04 9.994466714080e-01
1.408618090452e-04 5.964954382347e-04 1.408618090452e-04 9.994035045618e-01
1.448864321608e-04 6.424773420792e-04 1.448864321608e-04 9.993575226579e-01
1.489110552764e-04 6.914104675701e-04 1.489110552764e-04 9.993085895324e-01
1.529356783920e-04 7.434338208426e-04 1.529356783920e-04 9.992565661792e-01
1.569603015075e-04 7.986890146619e-04 1.569603015075e-04 9.992013109853e-01
1.609849246231e-04 8.573200076787e-04 1.609849246231e-04 9.991426799923e-01
1.650095477387e-04 9.194728181309e-04 1.650095477387e-04 9.990805271819e-01
1.690341708543e-04 9.852952118460e-04 1.690341708543e-04 9.990147047882e-01
1.730587939698e-04 1.054936364542e-03 1.730587939698e-04 9.989450636355e-01
1.770834170854e-04 1.128546498580e-03 1.770834170854e-04 9.988714535014e-01
1.811080402010e-04 1.206276494479e-03 1.811080402010e-04 9.987937235055e-01
1.851326633166e-04 1.288277477681e-03 1.851326633166e-04 9.987117225223e-01
1.891572864322e-04 1.374700381219e-03 1.891572864322e-04 9.986252996188e-01
1.931819095477e-04 1.465695485128e-03 1.931819095477e-04 9.985343045149e-01
1.972065326633e-04 1.561411933624e-03 1.972065326633e-04 9.984385880664e-01
2.012311557789e-04 1.661997231259e-03 2.012311557789e-04 9.983380027687e-01
2.052557788945e-04 1.767596719455e-03 2.052557788945e-04 9.982324032805e-01
2.092804020101e-04 1.878353034997e-03 2.092804020101e-04 9.981216469650e-01
2.133050251256e-04 1.994405552285e-03 2.133050251256e-04 9.980055944477e-01
2.173296482412e-04 2.115889811276e-03 2.173296482412e-04 9.978841101887e-01
2.213542713568e-04 2.242936933287e-03 2.213542713568e-04 9.977570630667e-01
2.253788944724e-04 2.375673026970e-03 2.253788944724e-04 9.976243269730e-01
2.294035175879e-04 2.514218586924e-03 2.294035175879e-04 9.974857814131e-01
2.334281407035e-04 2.658687887625e-03 2.334281407035e-04 9.973413121124e-01
2.374527638191e-04 2.809188375427e-03 2.374527638191e-04 9.971908116246e-01
2.414773869347e-04 2.965820061573e-03 2.414773869347e-04 9.970341799384e-01
2.455020100503e-04 3.128674919256e-03 2.455020100503e-04 9.968713250807e-01
2.495266331658e-04 3.297836287873e-03 2.495266331658e-04 9.967021637121e-01
2.535512562814e-04 3.473378287695e-03 2.535512562814e-04 9.965266217123e-01
2.575758793970e-04 3.655365248258e-03 2.575758793970e-04 9.963446347517e-01
2.616005025126e-04 3.843851153811e-03 2.616005025126e-04 9.961561488462e-01
2.656251256281e-04 4.038879109193e-03 2.656251256281e-04 9.959611208908e-01
2.696497487437e-04 4.240480829504e-03 2.696497487437e-04 9.957595191705e-01
2.736743718593e-04 4.448676156920e-03 2.736743718593e-04 9.955513238431e-01
2.776989949749e-04 4.663472607966e-03 2.776989949749e-04 9.953365273920e-01
2.817236180905e-04 4.884864954476e-03 2.817236180905e-04 9.951151350455e-01
2.857482412060e-04 5.112834841381e-03 2.857482412060e-04 9.948871651586e-01
2.897728643216e-04 5.347350444369e-03 2.897728643216e-04 9.946526495556e-01
2.937974874372e-04 5.588366170281e-03 2.937974874372e-04 9.944116338297e-01
2.978221105528e-04 5.835822402976e-03 2.978221105528e-04 9.941641775970e-01
3.018467336683e-04 6.089645297189e-03 3.018467336683e-04 9.939103547028e-01
3.058713567839e-04 6.349746622696e-03 3.058713567839e-04 9.936502533773e-01
3.098959798995e-04 6.616023660881e-03 3.098959798995e-04 9.933839763391e-01
3.139206030151e-04 6.888359155509e-03 3.139206030151e-04 9.931116408445e-01
3.179452261307e-04 7.166621319292e-03 3.179452261307e-04 9.928333786807e-01
3.219698492462e-04 7.450663897482e-03 3.219698492462e-04 9.925493361025e-01
3.259944723618e-04 7.740326289467e-03 3.259944723618e-04 9.922596737105e-01
3.300190954774e-04 8.035433729005e-03 3.300190954774e-04 9.919645662710e-01
3.340437185930e-04 8.335797523397e-03 3.340437185930e-04 9.916642024766e-01
3.380683417085e-04 8.641215351576e-03 3.380683417085e-04 9.913587846484e-01
3.420929648241e-04 8.951471620730e-03 3.420929648241e-04 9.910485283793e-01
3.461175879397e-04 9.266337880734e-03 3.461175879397e-04 9.907336621193e-01
3.501422110553e-04 9.585573295309e-03 3.501422110553e-04 9.904144267047e-01
3.541668341709e-04 9.908925168488e-03 3.541668341709e-04 9.900910748315e-01
3.581914572864e-04 1.023612952462e-02 3.581914572864e-04 9.897638704754e-01
3.622160804020e-04 1.056691173977e-02 3.622160804020e-04 9.894330882602e-01
3.662407035176e-04 1.090098722216e-02 3.662407035176e-04 9.890990127778e-01
3.702653266332e-04 1.123806213878e-02 3.702653266332e-04 9.887619378612e-01
3.742899497487e-04 1.157783418527e-02 3.742899497487e-04 9.884221658147e-01
3.783145728643e-04 1.191999339552e-02 3.783145728643e-04 9.880800066045e-01
3.823391959799e-04 1.226422298768e-02 3.823391959799e-04 9.877357770123e-01
3.863638190955e-04 1.261020024249e-02 3.863638190955e-04 9.873897997575e-01
3.903884422111e-04 1.295759741001e-02 3.903884422111e-04 9.870424025900e-01
3.944130653266e-04 1.330608264045e-02 3.944130653266e-04 9.866939173596e-01
3.984376884422e-04 1.365532093477e-02 3.984376884422e-04 9.863446790652e-01
4.024623115578e-04 1.400497511043e-02 4.024623115578e-04 9.859950248896e-01
4.064869346734e-04 1.435470677769e-02 4.064869346734e-04 9.856452932223e-01
4.105115577889e-04 1.470417732179e-02 4.105115577889e-04 9.852958226782e-01
4.145361809045e-04 1.505304888614e-02 4.145361809045e-04 9.849469511139e-01
4.185608040201e-04 1.540098535192e-02 4.185608040201e-04 9.845990146481e-01
4.225854271357e-04 1.574765330924e-02 4.225854271357e-04 9.842523466908e-01
4.266100502513e-04 1.609272301524e-02 4.266100502513e-04 9.839072769848e-01
4.306346733668e-04 1.643586933450e-02 4.306346733668e-04 9.835641306655e-01
4.346592964824e-04 1.677677265738e-02 4.346592964824e-04 9.832232273426e-01
4.386839195980e-04 1.711511979183e-02 4.386839195980e-04 9.828848802082e-01
4.427085427136e-04 1.745060482467e-02 4.427085427136e-04 9.825493951753e-01
4.467331658291e-04 1.778292994834e-02 4.467331658291e-04 9.822170700517e-01
4.507577889447e-04 1.811180624937e-02 4.507577889447e-04 9.818881937506e-01
4.547824120603e-04 1.843695445519e-02 4.547824120603e-04 9.815630455448e-01
4.588070351759e-04 1.875810563608e-02 4.588070351759e-04 9.812418943639e-01
4.628316582915e-04 1.907500185929e-02 4.628316582915e-04 9.809249981407e-01
4.668562814070e-04 1.938739679288e-02 4.668562814070e-04 9.806126032071e-01
4.708809045226e-04 1.969505625692e-02 4.708809045226e-04 9.803049437431e-01
4.749055276382e-04 1.999775872015e-02 4.749055276382e-04 9.800022412799e-01
4.789301507538e-04 2.029529574051e-02 4.789301507538e-04 9.797047042595e-01
4.829547738693e-04 2.058747234836e-02 4.829547738693e-04 9.794125276516e-01
4.869793969849e-04 2.087410737141e-02 4.869793969849e-04 9.791258926286e-01
4.910040201005e-04 2.115503370086e-02 4.910040201005e-04 9.788449662991e-01
4.950286432161e-04 2.143009849860e-02 4.950286432161e-04 9.785699015014e-01
4.990532663317e-04 2.169916334560e-02 4.990532663317e-04 9.783008366544e-01
5.030778894472e-04 2.196210433191e-02 5.030778894472e-04 9.780378956681e-01
5.071025125628e-04 2.221881208921e-02 5.071025125628e-04 9.777811879108e-01
5.111271356784e-04 2.246919176691e-02 5.111271356784e-04 9.775308082331e-01
5.151517587940e-04 2.271316295336e-02 5.151517587940e-04 9.772868370466e-01
5.191763819095e-04 2.295065954368e-02 5.191763819095e-04 9.770493404563e-01
5.232010050251e-04 2.318162955643e-02 5.232010050251e-04 9.768183704436e-01
5.272256281407e-04 2.340603490112e-02 5.272256281407e-04 9.765939650989e-01
5.312502512563e-04 2.362385109904e-02 5.312502512563e-04 9.763761489010e-01
5.352748743719e-04 2.383506696020e-02 5.352748743719e-04 9.761649330398e-01
5.392994974874e-04 2.403968421893e-02 5.392994974874e-04 9.759603157811e-01
5.433241206030e-04 2.423771713137e-02 5.433241206030e-04 9.757622828686e-01
5.473487437186e-04 2.442919203770e-02 5.473487437186e-04 9.755708079623e-01
5.513733668342e-04 2.461414689254e-02 5.513733668342e-04 9.753858531075e-01
5.553979899497e-04 2.479263076659e-02 5.553979899497e-04 9.752073692334e-01
5.594226130653e-04 2.496470332300e-02 5.594226130653e-04 9.750352966770e-01
5.634472361809e-04 2.513043427174e-02 5.634472361809e-04 9.748695657283e-01
5.674718592965e-04 2.528990280538e-02 5.674718592965e-04 9.747100971946e-01
5.714964824121e-04 2.544319701961e-02 5.714964824121e-04 9.745568029804e-01
5.755211055276e-04 2.559041332191e-02 5.755211055276e-04 9.744095866781e-01
5.795457286432e-04 2.573165583142e-02 5.795457286432e-04 9.742683441686e-01
5.835703517588e-04 2.586703577352e-02 5.835703517588e-04 9.741329642265e-01
5.875949748744e-04 2.599667087183e-02 5.875949748744e-04 9.740033291282e-01
5.916195979899e-04 2.612068474097e-02 5.916195979899e-04 9.738793152590e-01
5.956442211055e-04 2.623920628266e-02 5.956442211055e-04 9.737607937173e-01
5.996688442211e-04 2.635236908800e-02 5.996688442211e-04 9.736476309120e-01
6.036934673367e-04 2.646031084852e-02 6.036934673367e-04 9.735396891515e-01
6.077180904523e-04 2.656317277824e-02 6.077180904523e-04 9.734368272218e-01
6.117427135678e-04 2.666109904916e-02 6.117427135678e-04 9.733389009508e-01
6.157673366834e-04 2.675423624206e-02 6.157673366834e-04 9.732457637579e-01
6.197919597990e-04 2.684273281458e-02 6.197919597990e-04 9.731572671854e-01
6.238165829146e-04 2.692673858822e-02 6.238165829146e-04 9.730732614118e-01
6.278412060302e-04 2.700640425571e-02 6.278412060302e-04 9.729935957443e-01
6.318658291457e-04 2.708188091016e-02 6.318658291457e-04 9.729181190898e-01
6.358904522613e-04 2.715331959691e-02 6.358904522613e-04 9.728466804031e-01
6.399150753769e-04 2.722087088922e-02 6.399150753769e-04 9.727791291108e-01
6.439396984925e-04 2.728468448836e-02 6.439396984925e-04 9.727153155116e-01
6.479643216080e-04 2.734490884880e-02 6.479643216080e-04 9.726550911512e-01
6.519889447236e-04 2.740169082874e-02 6.519889447236e-04 9.725983091713e-01
6.560135678392e-04 2.745517536639e-02 6.560135678392e-04 9.725448246336e-01
6.600381909548e-04 2.750550518189e-02 6.600381909548e-04 9.724944948181e-01
6.640628140704e-04 2.755282050494e-02 6.640628140704e-04 9.724471794951e-01
6.680874371859e-04 2.759725882775e-02 6.680874371859e-04 9.724027411723e-01
6.721120603015e-04 2.763895468314e-02 6.721120603015e-04 9.723610453169e-01
6.761366834171e-04 2.767803944722e-02 6.761366834171e-04 9.723219605528e-01
6.801613065327e-04 2.771464116606e-02 6.801613065327e-04 9.722853588339e-01
6.841859296482e-04 2.774888440567e-02 6.841859296482e-04 9.722511155943e-01
6.882105527638e-04 2.778089012465e-02 6.882105527638e-04 9.722191098753e-01
6.922351758794e-04 2.781077556843e-02 6.922351758794e-04 9.721892244316e-01
6.962597989950e-04 2.783865418439e-02 6.962597989950e-04 9.721613458156e-01
7.002844221106e-04 2.786463555681e-02 7.002844221106e-04 9.721353644432e-01
7.043090452261e-04 2.788882536059e-02 7.043090452261e-04 9.721111746394e-01
7.083336683417e-04 2.791132533278e-02 7.083336683417e-04 9.720886746672e-01
7.123582914573e-04 2.793223326079e-02 7.123582914573e-04 9.720677667392e-01
7.163829145729e-04 2.795164298611e-02 7.163829145729e-04 9.720483570139e-01
7.204075376884e-04 2.796964442254e-02 7.204075376884e-04 9.720303555775e-01
7.244321608040e-04 2.798632358779e-02 7.244321608040e-04 9.720136764122e-01
7.284567839196e-04 2.800176264728e-02 7.284567839196e-04 9.719982373527e-01
7.324814070352e-04 2.801603996908e-02 7.324814070352e-04 9.719839600309e-01
7.365060301508e-04 2.802923018894e-02 7.365060301508e-04 9.719707698111e-01
7.405306532663e-04 2.804140428431e-02 7.405306532663e-04 9.719585957157e-01
7.445552763819e-04 2.805262965634e-02 7.445552763819e-04 9.719473703437e-01
7.485798994975e-04 2.806297021887e-02 7.485798994975e-04 9.719370297811e-01
7.526045226131e-04 2.807248649348e-02 7.526045226131e-04 9.719275135065e-01
7.566291457286e-04 2.808123570962e-02 7.566291457286e-04 9.719187642904e-01
7.606537688442e-04 2.808927190900e-02 7.606537688442e-04 9.719107280910e-01
7.646783919598e-04 2.809664605344e-02 7.646783919598e-04 9.719033539466e-01
7.687030150754e-04 2.810340613531e-02 7.687030150754e-04 9.718965938647e-01
7.727276381910e-04 2.810959728991e-02 7.727276381910e-04 9.718904027101e-01
7.767522613065e-04 2.811526190913e-02 7.767522613065e-04 9.718847380909e-01
7.807768844221e-04 2.812043975564e-02 7.807768844221e-04 9.718795602444e-01
7.848015075377e-04 2.812516807718e-02 7.848015075377e-04 9.718748319228e-01
7.888261306533e-04 2.812948172029e-02 7.888261306533e-04 9.718705182797e-01
7.928507537688e-04 2.813341324308e-02 7.928507537688e-04 9.718665867569e-01
7.968753768844e-04 2.813699302658e-02 7.968753768844e-04 9.718630069734e-01
8.009000000000e-04 2.814024938430e-02 8.009000000000e-04 9.718597506157e-01
