0.000000000000e+00 9.378832891287e-06 0.000000000000e+00 9.999906211671e-01
4.054773869347e-06 1.059424155813e-05 4.054773869347e-06 9.999894057584e-01
8.109547738693e-06 1.195462856119e-05 8.109547738693e-06 9.999880453714e-01
1.216432160804e-05 1.347559209694e-05 1.216432160804e-05 9.999865244079e-01
1.621909547739e-05 1.517419285372e-05 1.621909547739e-05 9.999848258071e-01
2.027386934673e-05 1.706906541570e-05 2.027386934673e-05 9.999829309346e-01
2.432864321608e-05 1.918053526373e-05 2.432864321608e-05 9.999808194647e-01
2.838341708543e-05 2.153074133485e-05 2.838341708543e-05 9.999784692587e-01
3.243819095477e-05 2.414376405851e-05 3.243819095477e-05 9.999758562359e-01
3.649296482412e-05 2.704575873961e-05 3.649296482412e-05 9.999729542413e-01
4.054773869347e-05 3.026509410617e-05 4.054773869347e-05 9.999697349059e-01
4.460251256281e-05 3.383249578261e-05 4.460251256281e-05 9.999661675042e-01
4.865728643216e-05 3.778119438865e-05 4.865728643216e-05 9.999622188056e-01
5.271206030151e-05 4.214707789832e-05 5.271206030151e-05 9.999578529221e-01
5.676683417085e-05 4.696884782443e-05 5.676683417085e-05 9.999530311522e-01
6.082160804020e-05 5.228817872021e-05 6.082160804020e-05 9.999477118213e-01
6.487638190955e-05 5.814988041305e-05 6.487638190955e-05 9.999418501196e-01
6.893115577889e-05 6.460206230506e-05 6.893115577889e-05 9.999353979377e-01
7.298592964824e-05 7.169629899198e-05 7.298592964824e-05 9.999283037010e-01
7.704070351759e-05 7.948779636637e-05 7.704070351759e-05 9.999205122036e-01
8.109547738693e-05 8.803555728401e-05 8.109547738693e-05 9.999119644427e-01
8.515025125628e-05 9.740254578328e-05 8.515025125628e-05 9.999025974542e-01
8.920502512563e-05 1.076558487589e-04 8.920502512563e-05 9.998923441512e-01
9.325979899497e-05 1.188668339023e-04 9.325979899497e-05 9.998811331661e-01
9.731457286432e-05 1.311113026323e-04 9.731457286432e-05 9.998688886974e-01
1.013693467337e-04 1.444696366570e-04 1.013693467337e-04 9.998555303633e-01
1.054241206030e-04 1.590269367210e-04 1.054241206030e-04 9.998409730633e-01
1.094788944724e-04 1.748731520171e-04 1.094788944724e-04 9.998251268480e-01
1.135336683417e-04 1.921031986682e-04 1.135336683417e-04 9.998078968013e-01
1.175884422111e-04 2.108170656139e-04 1.175884422111e-04 9.997891829344e-01
1.216432160804e-04 2.311199061843e-04 1.216432160804e-04 9.997688800938e-01
1.256979899497e-04 2.531221135853e-04 1.256979899497e-04 9.997468778864e-01
1.297527638191e-04 2.769393784853e-04 1.297527638191e-04 9.997230606215e-01
1.338075376884e-04 3.026927268593e-04 1.338075376884e-04 9.996973072731e-01
1.378623115578e-04 3.305085362328e-04 1.378623115578e-04 9.996694914638e-01
1.419170854271e-04 3.605185284630e-04 1.419170854271e-04 9.996394814715e-01
1.459718592965e-04 3.928597372061e-04 1.459718592965e-04 9.996071402628e-01
1.500266331658e-04 4.276744482493e-04 1.500266331658e-04 9.995723255518e-01
1.540814070352e-04 4.651101109279e-04 1.540814070352e-04 9.995348898891e-01
1.581361809045e-04 5.053192189115e-04 1.581361809045e-04 9.994946807811e-01
1.621909547739e-04 5.484591587255e-04 1.621909547739e-04 9.994515408413e-01
1.662457286432e-04 5.946920244716e-04 1.662457286432e-04 9.994053079755e-01
1.703005025126e-04 6.441843973345e-04 1.703005025126e-04 9.993558156027e-01
1.743552763819e-04 6.971070886002e-04 1.743552763819e-04 9.993028929114e-01
1.784100502513e-04 7.536348450736e-04 1.784100502513e-04 9.992463651549e-01
1.824648241206e-04 8.139460159629e-04 1.824648241206e-04 9.991860539840e-01
1.865195979899e-04 8.782221805026e-04 1.865195979899e-04 9.991217778195e-01
1.905743718593e-04 9.466477358051e-04 1.905743718593e-04 9.990533522642e-01
1.946291457286e-04 1.019409444672e-03 1.946291457286e-04 9.989805905553e-01
1.986839195980e-04 1.096695943359e-03 1.986839195980e-04 9.989033040566e-01
2.027386934673e-04 1.178697209552e-03 2.027386934673e-04 9.988213027904e-01
2.067934673367e-04 1.265603991119e-03 2.067934673367e-04 9.987343960089e-01
2.108482412060e-04 1.357607196492e-03 2.108482412060e-04 9.986423928035e-01
2.149030150754e-04 1.454897247860e-03 2.149030150754e-04 9.985451027521e-01
2.189577889447e-04 1.557663398670e-03 2.189577889447e-04 9.984423366013e-01
2.230125628141e-04 1.666093017283e-03 2.230125628141e-04 9.983339069827e-01
2.270673366834e-04 1.780370838943e-03 2.270673366834e-04 9.982196291611e-01
2.311221105528e-04 1.900678188588e-03 2.311221105528e-04 9.980993218114e-01
2.351768844221e-04 2.027192177346e-03 2.351768844221e-04 9.979728078227e-01
2.392316582915e-04 2.160084875908e-03 2.392316582915e-04 9.978399151241e-01
2.432864321608e-04 2.299522468281e-03 2.432864321608e-04 9.977004775317e-01
2.473412060302e-04 2.445664389761e-03 2.473412060302e-04 9.975543356102e-01
2.513959798995e-04 2.598662453246e-03 2.513959798995e-04 9.974013375468e-01
2.554507537688e-04 2.758659968311e-03 2.554507537688e-04 9.972413400317e-01
2.595055276382e-04 2.925790857699e-03 2.595055276382e-04 9.970742091423e-01
2.635603015075e-04 3.100178776163e-03 2.635603015075e-04 9.968998212238e-01
2.676150753769e-04 3.281936236762e-03 2.676150753769e-04 9.967180637632e-01
2.716698492462e-04 3.471163749902e-03 2.716698492462e-04 9.965288362501e-01
2.757246231156e-04 3.667948980586e-03 2.757246231156e-04 9.963320510194e-01
2.797793969849e-04 3.872365929381e-03 2.797793969849e-04 9.961276340706e-01
2.838341708543e-04 4.084474142748e-03 2.838341708543e-04 9.959155258573e-01
2.878889447236e-04 4.304317958342e-03 2.878889447236e-04 9.956956820417e-01
2.919437185930e-04 4.531925790913e-03 2.919437185930e-04 9.954680742091e-01
2.959984924623e-04 4.767309464359e-03 2.959984924623e-04 9.952326905356e-01
3.000532663317e-04 5.010463595348e-03 3.000532663317e-04 9.949895364047e-01
3.041080402010e-04 5.261365033824e-03 3.041080402010e-04 9.947386349662e-01
3.081628140704e-04 5.519972365440e-03 3.081628140704e-04 9.944800276346e-01
3.122175879397e-04 5.786225480753e-03 3.122175879397e-04 9.942137745192e-01
3.162723618090e-04 6.060045215707e-03 3.162723618090e-04 9.939399547843e-01
3.203271356784e-04 6.341333067577e-03 3.203271356784e-04 9.936586669324e-01
3.243819095477e-04 6.629970990157e-03 3.243819095477e-04 9.933700290098e-01
3.284366834171e-04 6.925821271568e-03 3.284366834171e-04 9.930741787284e-01
3.324914572864e-04 7.228726497567e-03 3.324914572864e-04 9.927712735024e-01
3.365462311558e-04 7.538509602761e-03 3.365462311558e-04 9.924614903972e-01
3.406010050251e-04 7.854974011564e-03 3.406010050251e-04 9.921450259884e-01
3.446557788945e-04 8.177903870214e-03 3.446557788945e-04 9.918220961298e-01
3.487105527638e-04 8.507064370540e-03 3.487105527638e-04 9.914929356295e-01
3.527653266332e-04 8.842202165597e-03 3.527653266332e-04 9.911577978344e-01
3.568201005025e-04 9.183045876653e-03 3.568201005025e-04 9.908169541233e-01
3.608748743719e-04 9.529306690384e-03 3.608748743719e-04 9.904706933096e-01
3.649296482412e-04 9.880679044530e-03 3.649296482412e-04 9.901193209555e-01
3.689844221106e-04 1.023684139959e-02 3.689844221106e-04 9.897631586004e-01
3.730391959799e-04 1.059745709359e-02 3.730391959799e-04 9.894025429064e-01
3.770939698492e-04 1.096217527626e-02 3.770939698492e-04 9.890378247237e-01
3.811487437186e-04 1.133063191846e-02 3.811487437186e-04 9.886693680815e-01
3.852035175879e-04 1.170245089213e-02 3.852035175879e-04 9.882975491079e-01
3.892582914573e-04 1.207724511541e-02 3.892582914573e-04 9.879227548846e-01
3.933130653266e-04 1.245461775717e-02 3.933130653266e-04 9.875453822428e-01
3.973678391960e-04 1.283416349489e-02 3.973678391960e-04 9.871658365051e-01
4.014226130653e-04 1.321546981894e-02 4.014226130653e-04 9.867845301811e-01
4.054773869347e-04 1.359811837662e-02 4.054773869347e-04 9.864018816234e-01
4.095321608040e-04 1.398168634838e-02 4.095321608040e-04 9.860183136516e-01
4.135869346734e-04 1.436574784896e-02 4.135869346734e-04 9.856342521510e-01
4.176417085427e-04 1.474987534536e-02 4.176417085427e-04 9.852501246546e-01
4.216964824121e-04 1.513364108419e-02 4.216964824121e-04 9.848663589158e-01
4.257512562814e-04 1.551661852006e-02 4.257512562814e-04 9.844833814799e-01
4.298060301508e-04 1.589838373737e-02 4.298060301508e-04 9.841016162626e-01
4.338608040201e-04 1.627851685744e-02 4.338608040201e-04 9.837214831426e-01
4.379155778894e-04 1.665660342325e-02 4.379155778894e-04 9.833433965768e-01
4.419703517588e-04 1.703223575416e-02 4.419703517588e-04 9.829677642458e-01
4.460251256281e-04 1.740501426326e-02 4.460251256281e-04 9.825949857367e-01
4.500798994975e-04 1.777454873027e-02 4.500798994975e-04 9.822254512697e-01
4.541346733668e-04 1.814045952319e-02 4.541346733668e-04 9.818595404768e-01
4.581894472362e-04 1.850237876242e-02 4.581894472362e-04 9.814976212376e-01
4.622442211055e-04 1.885995142138e-02 4.622442211055e-04 9.811400485786e-01
4.662989949749e-04 1.921283635821e-02 4.662989949749e-04 9.807871636418e-01
4.703537688442e-04 1.956070727367e-02 4.703537688442e-04 9.804392927263e-01
4.744085427136e-04 1.990325359076e-02 4.744085427136e-04 9.800967464092e-01
4.784633165829e-04 2.024018125246e-02 4.784633165829e-04 9.797598187475e-01
4.825180904523e-04 2.057121343414e-02 4.825180904523e-04 9.794287865659e-01
4.865728643216e-04 2.089609116832e-02 4.865728643216e-04 9.791039088317e-01
4.906276381910e-04 2.121457387960e-02 4.906276381910e-04 9.787854261204e-01
4.946824120603e-04 2.152643982854e-02 4.946824120603e-04 9.784735601715e-01
4.987371859296e-04 2.183148646385e-02 4.987371859296e-04 9.781685135361e-01
5.027919597990e-04 2.212953068258e-02 5.027919597990e-04 9.778704693174e-01
5.068467336683e-04 2.242040899912e-02 5.068467336683e-04 9.775795910009e-01
5.109015075377e-04 2.270397762389e-02 5.109015075377e-04 9.772960223761e-01
5.149562814070e-04 2.298011245353e-02 5.149562814070e-04 9.770198875465e-01
5.190110552764e-04 2.324870897483e-02 5.190110552764e-04 9.767512910252e-01
5.230658291457e-04 2.350968208503e-02 5.230658291457e-04 9.764903179150e-01
5.271206030151e-04 2.376296583185e-02 5.271206030151e-04 9.762370341682e-01
5.311753768844e-04 2.400851307679e-02 5.311753768844e-04 9.759914869232e-01
5.352301507538e-04 2.424629508590e-02 5.352301507538e-04 9.757537049141e-01
5.392849246231e-04 2.447630105223e-02 5.392849246231e-04 9.755236989478e-01
5.433396984925e-04 2.469853755501e-02 5.433396984925e-04 9.753014624450e-01
5.473944723618e-04 2.491302796015e-02 5.473944723618e-04 9.750869720399e-01
5.514492462312e-04 2.511981176771e-02 5.514492462312e-04 9.748801882323e-01
5.555040201005e-04 2.531894391144e-02 5.555040201005e-04 9.746810560886e-01
5.595587939698e-04 2.551049401595e-02 5.595587939698e-04 9.744895059841e-01
5.636135678392e-04 2.569454561730e-02 5.636135678392e-04 9.743054543827e-01
5.676683417085e-04 2.587119535238e-02 5.676683417085e-04 9.741288046476e-01
5.717231155779e-04 2.604055212289e-02 5.717231155779e-04 9.739594478771e-01
5.757778894472e-04 2.620273623941e-02 5.757778894472e-04 9.737972637606e-01
5.798326633166e-04 2.635787855107e-02 5.798326633166e-04 9.736421214489e-01
5.838874371859e-04 2.650611956612e-02 5.838874371859e-04 9.734938804339e-01
5.879422110553e-04 2.664760856862e-02 5.879422110553e-04 9.733523914314e-01
5.919969849246e-04 2.678250273621e-02 5.919969849246e-04 9.732174972638e-01
5.960517587940e-04 2.691096626368e-02 5.960517587940e-04 9.730890337363e-01
6.001065326633e-04 2.703316949694e-02 6.001065326633e-04 9.729668305031e-01
6.041613065327e-04 2.714928808146e-02 6.041613065327e-04 9.728507119185e-01
6.082160804020e-04 2.725950212918e-02 6.082160804020e-04 9.727404978708e-01
6.122708542714e-04 2.736399540754e-02 6.122708542714e-04 9.726360045925e-01
6.163256281407e-04 2.746295455388e-02 6.163256281407e-04 9.725370454461e-01
6.203804020101e-04 2.755656831806e-02 6.203804020101e-04 9.724434316819e-01
6.244351758794e-04 2.764502683616e-02 6.244351758794e-04 9.723549731638e-01
6.284899497487e-04 2.772852093731e-02 6.284899497487e-04 9.722714790627e-01
6.325447236181e-04 2.780724148567e-02 6.325447236181e-04 9.721927585143e-01
6.365994974874e-04 2.788137875925e-02 6.365994974874e-04 9.721186212407e-01
6.406542713568e-04 2.795112186667e-02 6.406542713568e-04 9.720488781333e-01
6.447090452261e-04 2.801665820300e-02 6.447090452261e-04 9.719833417970e-01
6.487638190955e-04 2.807817294518e-02 6.487638190955e-04 9.719218270548e-01
6.528185929648e-04 2.813584858750e-02 6.528185929648e-04 9.718641514125e-01
6.568733668342e-04 2.818986451709e-02 6.568733668342e-04 9.718101354829e-01
6.609281407035e-04 2.824039662931e-02 6.609281407035e-04 9.717596033707e-01
6.649829145729e-04 2.828761698265e-02 6.649829145729e-04 9.717123830173e-01
6.690376884422e-04 2.833169349228e-02 6.690376884422e-04 9.716683065077e-01
6.730924623116e-04 2.837278966162e-02 6.730924623116e-04 9.716272103384e-01
6.771472361809e-04 2.841106435071e-02 6.771472361809e-04 9.715889356493e-01
6.812020100503e-04 2.844667158021e-02 6.812020100503e-04 9.715533284198e-01
6.852567839196e-04 2.847976036966e-02 6.852567839196e-04 9.715202396303e-01
6.893115577889e-04 2.851047460849e-02 6.893115577889e-04 9.714895253915e-01
6.933663316583e-04 2.853895295814e-02 6.933663316583e-04 9.714610470419e-01
6.974211055276e-04 2.856532878370e-02 6.974211055276e-04 9.714346712163e-01
7.014758793970e-04 2.858973011315e-02 7.014758793970e-04 9.714102698868e-01
7.055306532663e-04 2.861227962260e-02 7.055306532663e-04 9.713877203774e-01
7.095854271357e-04 2.863309464541e-02 7.095854271357e-04 9.713669053546e-01
7.136402010050e-04 2.865228720363e-02 7.136402010050e-04 9.713477127964e-01
7.176949748744e-04 2.866996405968e-02 7.176949748744e-04 9.713300359403e-01
7.217497487437e-04 2.868622678650e-02 7.217497487437e-04 9.713137732135e-01
7.258045226131e-04 2.870117185436e-02 7.258045226131e-04 9.712988281456e-01
7.298592964824e-04 2.871489073250e-02 7.298592964824e-04 9.712851092675e-01
7.339140703518e-04 2.872747000394e-02 7.339140703518e-04 9.712725299961e-01
7.379688442211e-04 2.873899149168e-02 7.379688442211e-04 9.712610085083e-01
7.420236180905e-04 2.874953239471e-02 7.420236180905e-04 9.712504676053e-01
7.460783919598e-04 2.875916543235e-02 7.460783919598e-04 9.712408345677e-01
7.501331658291e-04 2.876795899534e-02 7.501331658291e-04 9.712320410047e-01
7.541879396985e-04 2.877597730241e-02 7.541879396985e-04 9.712240226976e-01
7.582427135678e-04 2.878328056089e-02 7.582427135678e-04 9.712167194391e-01
7.622974874372e-04 2.878992513030e-02 7.622974874372e-04 9.712100748697e-01
7.663522613065e-04 2.879596368766e-02 7.663522613065e-04 9.712040363123e-01
7.704070351759e-04 2.880144539357e-02 7.704070351759e-04 9.711985546064e-01
7.744618090452e-04 2.880641605808e-02 7.744618090452e-04 9.711935839419e-01
7.785165829146e-04 2.881091830547e-02 7.785165829146e-04 9.711890816945e-01
7.825713567839e-04 2.881499173717e-02 7.825713567839e-04 9.711850082628e-01
7.866261306533e-04 2.881867309225e-02 7.866261306533e-04 9.711813269078e-01
7.906809045226e-04 2.882199640458e-02 7.906809045226e-04 9.711780035954e-01
7.947356783920e-04 2.882499315651e-02 7.947356783920e-04 9.711750068435e-01
7.987904522613e-04 2.882769242826e-02 7.987904522613e-04 9.711723075717e-01
8.028452261307e-04 2.883012104291e-02 8.028452261307e-04 9.711698789571e-01
8.069000000000e-04 2.883230370644e-02 8.069000000000e-04 9.711676962936e-01
