0.000000	0.018287	0.000000	0.000354	0.000000	0.981359
0.000039	0.017986	0.000039	0.000117	0.000039	0.981897
0.000077	0.018474	0.000077	0.000420	0.000077	0.981106
0.000155	0.017799	0.000155	0.000331	0.000155	0.981870
0.000232	0.018898	0.000232	0.000121	0.000232	0.980981
0.000252	0.018304	0.000252	0.000275	0.000252	0.981421
0.000271	0.018127	0.000271	0.000316	0.000271	0.981557
0.000291	0.017565	0.000291	0.000141	0.000291	0.982294
0.000310	0.018690	0.000310	0.000006	0.000310	0.981304
0.000329	0.018282	0.000329	0.000232	0.000329	0.981486
0.000387	0.017530	0.000387	0.000018	0.000387	0.982452
0.000407	0.016651	0.000407	0.000339	0.000407	0.983010
0.000426	0.019069	0.000426	0.000131	0.000426	0.980800
0.000445	0.018079	0.000445	0.000272	0.000445	0.981649
0.000465	0.016925	0.000465	0.000417	0.000465	0.982658
0.000484	0.016307	0.000484	0.000177	0.000484	0.983516
0.000504	0.016369	0.000504	0.000414	0.000504	0.983217
0.000523	0.016492	0.000523	0.000679	0.000523	0.982829
0.000542	0.016967	0.000542	0.000409	0.000542	0.982624
0.000562	0.015799	0.000562	0.001196	0.000562	0.983005
0.000581	0.015399	0.000581	0.000760	0.000581	0.983841
0.000600	0.015109	0.000600	0.001241	0.000600	0.983650
0.000620	0.014995	0.000620	0.001743	0.000620	0.983262
0.000639	0.013771	0.000639	0.002467	0.000639	0.983762
0.000658	0.013951	0.000658	0.003213	0.000658	0.982836
0.000678	0.013234	0.000678	0.003780	0.000678	0.982986
0.000697	0.011714	0.000697	0.004492	0.000697	0.983794
0.000717	0.010913	0.000717	0.005827	0.000717	0.983260
0.000736	0.009682	0.000736	0.007391	0.000736	0.982927
0.000755	0.009873	0.000755	0.008240	0.000755	0.981887
0.000775	0.009030	0.000775	0.008911	0.000775	0.982059
0.000794	0.007852	0.000794	0.010912	0.000794	0.981236
0.000813	0.006648	0.000813	0.012114	0.000813	0.981238
0.000833	0.006117	0.000833	0.013627	0.000833	0.980256
0.000852	0.005363	0.000852	0.014431	0.000852	0.980206
0.000872	0.005284	0.000872	0.015521	0.000872	0.979195
0.000891	0.004253	0.000891	0.016527	0.000891	0.979220
0.000910	0.003466	0.000910	0.016930	0.000910	0.979604
0.000930	0.003372	0.000930	0.018074	0.000930	0.978554
0.000968	0.002441	0.000968	0.018438	0.000968	0.979121
0.000988	0.001941	0.000988	0.018820	0.000988	0.979239
0.001007	0.001526	0.001007	0.018965	0.001007	0.979509
0.001026	0.001435	0.001026	0.019464	0.001026	0.979101
0.001046	0.001401	0.001046	0.018634	0.001046	0.979965
0.001065	0.001353	0.001065	0.018824	0.001065	0.979823
0.001085	0.001564	0.001085	0.019324	0.001085	0.979112
0.001123	0.000770	0.001123	0.020384	0.001123	0.978846
0.001143	0.000460	0.001143	0.020458	0.001143	0.979082
0.001162	0.000827	0.001162	0.020106	0.001162	0.979067
0.001181	0.000408	0.001181	0.020437	0.001181	0.979155
0.001201	0.000619	0.001201	0.019811	0.001201	0.979570
0.001220	0.000332	0.001220	0.020329	0.001220	0.979339
0.001240	0.000348	0.001240	0.019399	0.001240	0.980253
0.001259	0.000626	0.001259	0.018465	0.001259	0.980909
0.001278	0.000173	0.001278	0.020262	0.001278	0.979565
0.001298	0.000400	0.001298	0.018283	0.001298	0.981317
0.001317	0.000387	0.001317	0.019497	0.001317	0.980116
0.001336	0.000622	0.001336	0.018799	0.001336	0.980579
0.001375	0.000388	0.001375	0.020376	0.001375	0.979236
0.001414	0.000385	0.001414	0.019870	0.001414	0.979745
0.001453	0.000371	0.001453	0.020151	0.001453	0.979478
0.001491	0.000459	0.001491	0.020125	0.001491	0.979416
0.001530	0.000532	0.001530	0.019605	0.001530	0.979863