0.000000000000e+00 9.452773032092e-06 0.000000000000e+00 9.999905472270e-01
4.032160804020e-06 1.074547450268e-05 4.032160804020e-06 9.999892545255e-01
8.064321608040e-06 1.220077439121e-05 8.064321608040e-06 9.999877992256e-01
1.209648241206e-05 1.383710091946e-05 1.209648241206e-05 9.999861628991e-01
1.612864321608e-05 1.567469959175e-05 1.612864321608e-05 9.999843253004e-01
2.016080402010e-05 1.773577835044e-05 2.016080402010e-05 9.999822642216e-01
2.419296482412e-05 2.004466030041e-05 2.419296482412e-05 9.999799553397e-01
2.822512562814e-05 2.262794392897e-05 2.822512562814e-05 9.999773720561e-01
3.225728643216e-05 2.551467067902e-05 3.225728643216e-05 9.999744853293e-01
3.628944723618e-05 2.873649965915e-05 3.628944723618e-05 9.999712635003e-01
4.032160804020e-05 3.232788919232e-05 4.032160804020e-05 9.999676721108e-01
4.435376884422e-05 3.632628481680e-05 4.435376884422e-05 9.999636737152e-01
4.838592964824e-05 4.077231325676e-05 4.838592964824e-05 9.999592276867e-01
5.241809045226e-05 4.570998177876e-05 5.241809045226e-05 9.999542900182e-01
5.645025125628e-05 5.118688224179e-05 5.645025125628e-05 9.999488131178e-01
6.048241206030e-05 5.725439903445e-05 6.048241206030e-05 9.999427456010e-01
6.451457286432e-05 6.396791997315e-05 6.451457286432e-05 9.999360320800e-01
6.854673366834e-05 7.138704911162e-05 6.854673366834e-05 9.999286129509e-01
7.257889447236e-05 7.957582028334e-05 7.257889447236e-05 9.999204241797e-01
7.661105527638e-05 8.860291006763e-05 7.661105527638e-05 9.999113970899e-01
8.064321608040e-05 9.854184873771e-05 8.064321608040e-05 9.999014581513e-01
8.467537688442e-05 1.094712276138e-04 8.467537688442e-05 9.998905287724e-01
8.870753768844e-05 1.214749011129e-04 8.870753768844e-05 9.998785250989e-01
9.273969849246e-05 1.346421816539e-04 9.273969849246e-05 9.998653578183e-01
9.677185929648e-05 1.490680254506e-04 9.677185929648e-05 9.998509319745e-01
1.008040201005e-04 1.648532070997e-04 1.008040201005e-04 9.998351467929e-01
1.048361809045e-04 1.821044807596e-04 1.048361809045e-04 9.998178955192e-01
1.088683417085e-04 2.009347256049e-04 1.088683417085e-04 9.997990652744e-01
1.129005025126e-04 2.214630731468e-04 1.129005025126e-04 9.997785369269e-01
1.169326633166e-04 2.438150139283e-04 1.169326633166e-04 9.997561849861e-01
1.209648241206e-04 2.681224810324e-04 1.209648241206e-04 9.997318775190e-01
1.249969849246e-04 2.945239077902e-04 1.249969849246e-04 9.997054760922e-01
1.290291457286e-04 3.231642570449e-04 1.290291457286e-04 9.996768357430e-01
1.330613065327e-04 3.541950193141e-04 1.330613065327e-04 9.996458049807e-01
1.370934673367e-04 3.877741772084e-04 1.370934673367e-04 9.996122258228e-01
1.411256281407e-04 4.240661334904e-04 1.411256281407e-04 9.995759338665e-01
1.451577889447e-04 4.632416002380e-04 1.451577889447e-04 9.995367583998e-01
1.491899497487e-04 5.054774466475e-04 1.491899497487e-04 9.994945225534e-01
1.532221105528e-04 5.509565031467e-04 1.532221105528e-04 9.994490434969e-01
1.572542713568e-04 5.998673196314e-04 1.572542713568e-04 9.994001326804e-01
1.612864321608e-04 6.524038758254e-04 1.612864321608e-04 9.993475961242e-01
1.653185929648e-04 7.087652419735e-04 1.653185929648e-04 9.992912347580e-01
1.693507537688e-04 7.691551883306e-04 1.693507537688e-04 9.992308448117e-01
1.733829145729e-04 8.337817421802e-04 1.733829145729e-04 9.991662182578e-01
1.774150753769e-04 9.028566914359e-04 1.774150753769e-04 9.990971433086e-01
1.814472361809e-04 9.765950342129e-04 1.814472361809e-04 9.990234049658e-01
1.854793969849e-04 1.055214374135e-03 1.854793969849e-04 9.989447856259e-01
1.895115577889e-04 1.138934261531e-03 1.895115577889e-04 9.988610657385e-01
1.935437185930e-04 1.227975481121e-03 1.935437185930e-04 9.987720245189e-01
1.975758793970e-04 1.322559287201e-03 1.975758793970e-04 9.986774407128e-01
2.016080402010e-04 1.422906587863e-03 2.016080402010e-04 9.985770934121e-01
2.056402010050e-04 1.529237080201e-03 2.056402010050e-04 9.984707629198e-01
2.096723618090e-04 1.641768339017e-03 2.096723618090e-04 9.983582316610e-01
2.137045226131e-04 1.760714861999e-03 2.137045226131e-04 9.982392851380e-01
2.177366834171e-04 1.886287074887e-03 2.177366834171e-04 9.981137129251e-01
2.217688442211e-04 2.018690300620e-03 2.217688442211e-04 9.979813096994e-01
2.258010050251e-04 2.158123696991e-03 2.258010050251e-04 9.978418763030e-01
2.298331658291e-04 2.304779167806e-03 2.298331658291e-04 9.976952208322e-01
2.338653266332e-04 2.458840253027e-03 2.338653266332e-04 9.975411597470e-01
2.378974874372e-04 2.620481003827e-03 2.378974874372e-04 9.973795189962e-01
2.419296482412e-04 2.789864848900e-03 2.419296482412e-04 9.972101351511e-01
2.459618090452e-04 2.967143458771e-03 2.459618090452e-04 9.970328565412e-01
2.499939698492e-04 3.152455615176e-03 2.499939698492e-04 9.968475443848e-01
2.540261306533e-04 3.345926092914e-03 2.540261306533e-04 9.966540739071e-01
2.580582914573e-04 3.547664561771e-03 2.580582914573e-04 9.964523354382e-01
2.620904522613e-04 3.757764516380e-03 2.620904522613e-04 9.962422354836e-01
2.661226130653e-04 3.976302241944e-03 2.661226130653e-04 9.960236977581e-01
2.701547738693e-04 4.203335823867e-03 2.701547738693e-04 9.957966641761e-01
2.741869346734e-04 4.438904209310e-03 2.741869346734e-04 9.955610957907e-01
2.782190954774e-04 4.683026328642e-03 2.782190954774e-04 9.953169736714e-01
2.822512562814e-04 4.935700284584e-03 2.822512562814e-04 9.950642997154e-01
2.862834170854e-04 5.196902616667e-03 2.862834170854e-04 9.948030973833e-01
2.903155778894e-04 5.466587648276e-03 2.903155778894e-04 9.945334123517e-01
2.943477386935e-04 5.744686923254e-03 2.943477386935e-04 9.942553130767e-01
2.983798994975e-04 6.031108738543e-03 2.983798994975e-04 9.939688912615e-01
3.024120603015e-04 6.325737778858e-03 3.024120603015e-04 9.936742622211e-01
3.064442211055e-04 6.628434858794e-03 3.064442211055e-04 9.933715651412e-01
3.104763819095e-04 6.939036777124e-03 3.104763819095e-04 9.930609632229e-01
3.145085427136e-04 7.257356287368e-03 3.145085427136e-04 9.927426437126e-01
3.185407035176e-04 7.583182187870e-03 3.185407035176e-04 9.924168178121e-01
3.225728643216e-04 7.916279533936e-03 3.225728643216e-04 9.920837204661e-01
3.266050251256e-04 8.256389973589e-03 3.266050251256e-04 9.917436100264e-01
3.306371859296e-04 8.603232207747e-03 3.306371859296e-04 9.913967677923e-01
3.346693467337e-04 8.956502574593e-03 3.346693467337e-04 9.910434974254e-01
3.387015075377e-04 9.315875757062e-03 3.387015075377e-04 9.906841242429e-01
3.427336683417e-04 9.681005611392e-03 3.427336683417e-04 9.903189943886e-01
3.467658291457e-04 1.005152611372e-02 3.467658291457e-04 9.899484738863e-01
3.507979899497e-04 1.042705242083e-02 3.507979899497e-04 9.895729475792e-01
3.548301507538e-04 1.080718204018e-02 3.548301507538e-04 9.891928179598e-01
3.588623115578e-04 1.119149610353e-02 3.588623115578e-04 9.888085038965e-01
3.628944723618e-04 1.157956073747e-02 3.628944723618e-04 9.884204392625e-01
3.669266331658e-04 1.197092852366e-02 3.669266331658e-04 9.880290714763e-01
3.709587939698e-04 1.236514004048e-02 3.709587939698e-04 9.876348599595e-01
3.749909547739e-04 1.276172547732e-02 3.749909547739e-04 9.872382745227e-01
3.790231155779e-04 1.316020631215e-02 3.790231155779e-04 9.868397936878e-01
3.830552763819e-04 1.356009704232e-02 3.830552763819e-04 9.864399029577e-01
3.870874371859e-04 1.396090695817e-02 3.870874371859e-04 9.860390930418e-01
3.911195979899e-04 1.436214194871e-02 3.911195979899e-04 9.856378580513e-01
3.951517587940e-04 1.476330632824e-02 3.951517587940e-04 9.852366936718e-01
3.991839195980e-04 1.516390467275e-02 3.991839195980e-04 9.848360953272e-01
4.032160804020e-04 1.556344365460e-02 4.032160804020e-04 9.844365563454e-01
4.072482412060e-04 1.596143386435e-02 4.072482412060e-04 9.840385661356e-01
4.112804020101e-04 1.635739160843e-02 4.112804020101e-04 9.836426083916e-01
4.153125628141e-04 1.675084067163e-02 4.153125628141e-04 9.832491593284e-01
4.193447236181e-04 1.714131403379e-02 4.193447236181e-04 9.828586859662e-01
4.233768844221e-04 1.752835553036e-02 4.233768844221e-04 9.824716444696e-01
4.274090452261e-04 1.791152144689e-02 4.274090452261e-04 9.820884785531e-01
4.314412060302e-04 1.829038203843e-02 4.314412060302e-04 9.817096179616e-01
4.354733668342e-04 1.866452296494e-02 4.354733668342e-04 9.813354770351e-01
4.395055276382e-04 1.903354663502e-02 4.395055276382e-04 9.809664533650e-01
4.435376884422e-04 1.939707345059e-02 4.435376884422e-04 9.806029265494e-01
4.475698492462e-04 1.975474294640e-02 4.475698492462e-04 9.802452570536e-01
4.516020100503e-04 2.010621481869e-02 4.516020100503e-04 9.798937851813e-01
4.556341708543e-04 2.045116983854e-02 4.556341708543e-04 9.795488301615e-01
4.596663316583e-04 2.078931064619e-02 4.596663316583e-04 9.792106893538e-01
4.636984924623e-04 2.112036242367e-02 4.636984924623e-04 9.788796375763e-01
4.677306532663e-04 2.144407344382e-02 4.677306532663e-04 9.785559265562e-01
4.717628140704e-04 2.176021549506e-02 4.717628140704e-04 9.782397845049e-01
4.757949748744e-04 2.206858418177e-02 4.757949748744e-04 9.779314158182e-01
4.798271356784e-04 2.236899910153e-02 4.798271356784e-04 9.776310008985e-01
4.838592964824e-04 2.266130390081e-02 4.838592964824e-04 9.773386960992e-01
4.878914572864e-04 2.294536621210e-02 4.878914572864e-04 9.770546337879e-01
4.919236180905e-04 2.322107747579e-02 4.919236180905e-04 9.767789225242e-01
4.959557788945e-04 2.348835265117e-02 4.959557788945e-04 9.765116473488e-01
4.999879396985e-04 2.374712982147e-02 4.999879396985e-04 9.762528701785e-01
5.040201005025e-04 2.399736969852e-02 5.040201005025e-04 9.760026303015e-01
5.080522613065e-04 2.423905503315e-02 5.080522613065e-04 9.757609449668e-01
5.120844221106e-04 2.447218993802e-02 5.120844221106e-04 9.755278100620e-01
5.161165829146e-04 2.469679912985e-02 5.161165829146e-04 9.753032008701e-01
5.201487437186e-04 2.491292709849e-02 5.201487437186e-04 9.750870729015e-01
5.241809045226e-04 2.512063721054e-02 5.241809045226e-04 9.748793627895e-01
5.282130653266e-04 2.532001075527e-02 5.282130653266e-04 9.746799892447e-01
5.322452261307e-04 2.551114594096e-02 5.322452261307e-04 9.744888540590e-01
5.362773869347e-04 2.569415684957e-02 5.362773869347e-04 9.743058431504e-01
5.403095477387e-04 2.586917235785e-02 5.403095477387e-04 9.741308276421e-01
5.443417085427e-04 2.603633503275e-02 5.443417085427e-04 9.739636649673e-01
5.483738693467e-04 2.619580000895e-02 5.483738693467e-04 9.738041999911e-01
5.524060301508e-04 2.634773385608e-02 5.524060301508e-04 9.736522661439e-01
5.564381909548e-04 2.649231344286e-02 5.564381909548e-04 9.735076865571e-01
5.604703517588e-04 2.662972480526e-02 5.604703517588e-04 9.733702751947e-01
5.645025125628e-04 2.676016202520e-02 5.645025125628e-04 9.732398379748e-01
5.685346733668e-04 2.688382612610e-02 5.685346733668e-04 9.731161738739e-01
5.725668341709e-04 2.700092399107e-02 5.725668341709e-04 9.729990760089e-01
5.765989949749e-04 2.711166730899e-02 5.765989949749e-04 9.728883326910e-01
5.806311557789e-04 2.721627155356e-02 5.806311557789e-04 9.727837284464e-01
5.846633165829e-04 2.731495499939e-02 5.846633165829e-04 9.726850450006e-01
5.886954773869e-04 2.740793777929e-02 5.886954773869e-04 9.725920622207e-01
5.927276381910e-04 2.749544098593e-02 5.927276381910e-04 9.725045590141e-01
5.967597989950e-04 2.757768582077e-02 5.967597989950e-04 9.724223141792e-01
6.007919597990e-04 2.765489279260e-02 6.007919597990e-04 9.723451072074e-01
6.048241206030e-04 2.772728096757e-02 6.048241206030e-04 9.722727190324e-01
6.088562814070e-04 2.779506727201e-02 6.088562814070e-04 9.722049327280e-01
6.128884422111e-04 2.785846584901e-02 6.128884422111e-04 9.721415341510e-01
6.169206030151e-04 2.791768746916e-02 6.169206030151e-04 9.720823125308e-01
6.209527638191e-04 2.797293899558e-02 6.209527638191e-04 9.720270610044e-01
6.249849246231e-04 2.802442290280e-02 6.249849246231e-04 9.719755770972e-01
6.290170854271e-04 2.807233684881e-02 6.290170854271e-04 9.719276631512e-01
6.330492462312e-04 2.811687329933e-02 6.330492462312e-04 9.718831267007e-01
6.370814070352e-04 2.815821920274e-02 6.370814070352e-04 9.718417807973e-01
6.411135678392e-04 2.819655571433e-02 6.411135678392e-04 9.718034442857e-01
6.451457286432e-04 2.823205796778e-02 6.451457286432e-04 9.717679420322e-01
6.491778894472e-04 2.826489489198e-02 6.491778894472e-04 9.717351051080e-01
6.532100502513e-04 2.829522907080e-02 6.532100502513e-04 9.717047709292e-01
6.572422110553e-04 2.832321664363e-02 6.572422110553e-04 9.716767833564e-01
6.612743718593e-04 2.834900724406e-02 6.612743718593e-04 9.716509927559e-01
6.653065326633e-04 2.837274397413e-02 6.653065326633e-04 9.716272560259e-01
6.693386934673e-04 2.839456341167e-02 6.693386934673e-04 9.716054365883e-01
6.733708542714e-04 2.841459564792e-02 6.733708542714e-04 9.715854043521e-01
6.774030150754e-04 2.843296435283e-02 6.774030150754e-04 9.715670356472e-01
6.814351758794e-04 2.844978686548e-02 6.814351758794e-04 9.715502131345e-01
6.854673366834e-04 2.846517430687e-02 6.854673366834e-04 9.715348256931e-01
6.894994974874e-04 2.847923171266e-02 6.894994974874e-04 9.715207682873e-01
6.935316582915e-04 2.849205818337e-02 6.935316582915e-04 9.715079418166e-01
6.975638190955e-04 2.850374704957e-02 6.975638190955e-04 9.714962529504e-01
7.015959798995e-04 2.851438604994e-02 7.015959798995e-04 9.714856139501e-01
7.056281407035e-04 2.852405751977e-02 7.056281407035e-04 9.714759424802e-01
7.096603015075e-04 2.853283858820e-02 7.096603015075e-04 9.714671614118e-01
7.136924623116e-04 2.854080138189e-02 7.136924623116e-04 9.714591986181e-01
7.177246231156e-04 2.854801323359e-02 7.177246231156e-04 9.714519867664e-01
7.217567839196e-04 2.855453689381e-02 7.217567839196e-04 9.714454631062e-01
7.257889447236e-04 2.856043074412e-02 7.257889447236e-04 9.714395692559e-01
7.298211055276e-04 2.856574901056e-02 7.298211055276e-04 9.714342509894e-01
7.338532663317e-04 2.857054197605e-02 7.338532663317e-04 9.714294580239e-01
7.378854271357e-04 2.857485619058e-02 7.378854271357e-04 9.714251438094e-01
7.419175879397e-04 2.857873467805e-02 7.419175879397e-04 9.714212653220e-01
7.459497487437e-04 2.858221713911e-02 7.459497487437e-04 9.714177828609e-01
7.499819095477e-04 2.858534014908e-02 7.499819095477e-04 9.714146598509e-01
7.540140703518e-04 2.858813735018e-02 7.540140703518e-04 9.714118626498e-01
7.580462311558e-04 2.859063963785e-02 7.580462311558e-04 9.714093603622e-01
7.620783919598e-04 2.859287534029e-02 7.620783919598e-04 9.714071246597e-01
7.661105527638e-04 2.859487039122e-02 7.661105527638e-04 9.714051296088e-01
7.701427135678e-04 2.859664849538e-02 7.701427135678e-04 9.714033515046e-01
7.741748743719e-04 2.859823128659e-02 7.741748743719e-04 9.714017687134e-01
7.782070351759e-04 2.859963847835e-02 7.782070351759e-04 9.714003615217e-01
7.822391959799e-04 2.860088800683e-02 7.822391959799e-04 9.713991119932e-01
7.862713567839e-04 2.860199616628e-02 7.862713567839e-04 9.713980038337e-01
7.903035175879e-04 2.860297773695e-02 7.903035175879e-04 9.713970222630e-01
7.943356783920e-04 2.860384610556e-02 7.943356783920e-04 9.713961538944e-01
7.983678391960e-04 2.860461337850e-02 7.983678391960e-04 9.713953866215e-01
8.024000000000e-04 2.860529048793e-02 8.024000000000e-04 9.713947095121e-01
