0.000000000000e+00 3.746797019008e-06 0.000000000000e+00 9.999962532030e-01
4.032663316583e-06 4.301682558877e-06 4.032663316583e-06 9.999956983174e-01
8.065326633166e-06 4.932821257269e-06 8.065326633166e-06 9.999950671787e-01
1.209798994975e-05 5.649781649362e-06 1.209798994975e-05 9.999943502184e-01
1.613065326633e-05 6.463200944496e-06 1.613065326633e-05 9.999935367991e-01
2.016331658291e-05 7.384886386570e-06 2.016331658291e-05 9.999926151136e-01
2.419597989950e-05 8.427923921982e-06 2.419597989950e-05 9.999915720761e-01
2.822864321608e-05 9.606794418784e-06 2.822864321608e-05 9.999903932056e-01
3.226130653266e-05 1.093749765194e-05 3.226130653266e-05 9.999890625023e-01
3.629396984925e-05 1.243768423505e-05 3.629396984925e-05 9.999875623158e-01
4.032663316583e-05 1.412679563802e-05 4.032663316583e-05 9.999858732044e-01
4.435929648241e-05 1.602621238297e-05 4.435929648241e-05 9.999839737876e-01
4.839195979899e-05 1.815941045599e-05 4.839195979899e-05 9.999818405895e-01
5.242462311558e-05 2.055212591130e-05 5.242462311558e-05 9.999794478741e-01
5.645728643216e-05 2.323252757473e-05 5.645728643216e-05 9.999767674724e-01
6.048994974874e-05 2.623139767739e-05 6.048994974874e-05 9.999737686023e-01
6.452261306533e-05 2.958232016537e-05 6.452261306533e-05 9.999704176798e-01
6.855527638191e-05 3.332187633925e-05 6.855527638191e-05 9.999666781237e-01
7.258793969849e-05 3.748984737714e-05 7.258793969849e-05 9.999625101526e-01
7.662060301508e-05 4.212942318724e-05 7.662060301508e-05 9.999578705768e-01
8.065326633166e-05 4.728741692064e-05 8.065326633166e-05 9.999527125831e-01
8.468592964824e-05 5.301448435335e-05 8.468592964824e-05 9.999469855156e-01
8.871859296482e-05 5.936534721782e-05 8.871859296482e-05 9.999406346528e-01
9.275125628141e-05 6.639901942979e-05 9.275125628141e-05 9.999336009806e-01
9.678391959799e-05 7.417903501707e-05 9.678391959799e-05 9.999258209650e-01
1.008165829146e-04 8.277367641319e-05 1.008165829146e-04 9.999172263236e-01
1.048492462312e-04 9.225620163217e-05 1.048492462312e-04 9.999077437984e-01
1.088819095477e-04 1.027050686927e-04 1.088819095477e-04 9.998972949313e-01
1.129145728643e-04 1.142041555107e-04 1.129145728643e-04 9.998857958445e-01
1.169472361809e-04 1.268429733320e-04 1.169472361809e-04 9.998731570267e-01
1.209798994975e-04 1.407168716316e-04 1.209798994975e-04 9.998592831284e-01
1.250125628141e-04 1.559272322670e-04 1.250125628141e-04 9.998440727677e-01
1.290452261307e-04 1.725816505374e-04 1.290452261307e-04 9.998274183495e-01
1.330778894472e-04 1.907941006780e-04 1.330778894472e-04 9.998092058993e-01
1.371105527638e-04 2.106850832028e-04 1.371105527638e-04 9.997893149168e-01
1.411432160804e-04 2.323817514105e-04 1.411432160804e-04 9.997676182486e-01
1.451758793970e-04 2.560180142793e-04 1.451758793970e-04 9.997439819857e-01
1.492085427136e-04 2.817346129127e-04 1.492085427136e-04 9.997182653871e-01
1.532412060302e-04 3.096791676479e-04 1.532412060302e-04 9.996903208324e-01
1.572738693467e-04 3.400061929146e-04 1.572738693467e-04 9.996599938071e-01
1.613065326633e-04 3.728770769313e-04 1.613065326633e-04 9.996271229231e-01
1.653391959799e-04 4.084600233524e-04 1.653391959799e-04 9.995915399766e-01
1.693718592965e-04 4.469299520366e-04 1.693718592965e-04 9.995530700480e-01
1.734045226131e-04 4.884683561906e-04 1.734045226131e-04 9.995115316438e-01
1.774371859296e-04 5.332631132632e-04 1.774371859296e-04 9.994667368867e-01
1.814698492462e-04 5.815082471175e-04 1.814698492462e-04 9.994184917529e-01
1.855025125628e-04 6.334036391953e-04 1.855025125628e-04 9.993665963608e-01
1.895351758794e-04 6.891546866136e-04 1.895351758794e-04 9.993108453134e-01
1.935678391960e-04 7.489719053918e-04 1.935678391960e-04 9.992510280946e-01
1.976005025126e-04 8.130704773045e-04 1.976005025126e-04 9.991869295227e-01
2.016331658291e-04 8.816697391896e-04 2.016331658291e-04 9.991183302608e-01
2.056658291457e-04 9.549926139064e-04 2.056658291457e-04 9.990450073861e-01
2.096984924623e-04 1.033264982542e-03 2.096984924623e-04 9.989667350175e-01
2.137311557789e-04 1.116714997897e-03 2.137311557789e-04 9.988832850021e-01
2.177638190955e-04 1.205572339750e-03 2.177638190955e-04 9.987944276603e-01
2.217964824121e-04 1.300067412878e-03 2.217964824121e-04 9.986999325871e-01
2.258291457286e-04 1.400430489346e-03 2.258291457286e-04 9.985995695107e-01
2.298618090452e-04 1.506890797093e-03 2.298618090452e-04 9.984931092029e-01
2.338944723618e-04 1.619675557399e-03 2.338944723618e-04 9.983803244426e-01
2.379271356784e-04 1.739008974387e-03 2.379271356784e-04 9.982609910256e-01
2.419597989950e-04 1.865111180267e-03 2.419597989950e-04 9.981348888197e-01
2.459924623116e-04 1.998197140604e-03 2.459924623116e-04 9.980018028594e-01
2.500251256281e-04 2.138475524452e-03 2.500251256281e-04 9.978615244755e-01
2.540577889447e-04 2.286147544746e-03 2.540577889447e-04 9.977138524553e-01
2.580904522613e-04 2.441405774866e-03 2.580904522613e-04 9.975585942251e-01
2.621231155779e-04 2.604432947805e-03 2.621231155779e-04 9.973955670522e-01
2.661557788945e-04 2.775400744844e-03 2.661557788945e-04 9.972245992552e-01
2.701884422111e-04 2.954468581065e-03 2.701884422111e-04 9.970455314189e-01
2.742211055276e-04 3.141782395432e-03 2.742211055276e-04 9.968582176046e-01
2.782537688442e-04 3.337473453517e-03 2.782537688442e-04 9.966625265465e-01
2.822864321608e-04 3.541657171207e-03 2.822864321608e-04 9.964583428288e-01
2.863190954774e-04 3.754431967980e-03 2.863190954774e-04 9.962455680320e-01
2.903517587940e-04 3.975878158482e-03 2.903517587940e-04 9.960241218415e-01
2.943844221106e-04 4.206056891187e-03 2.943844221106e-04 9.957939431088e-01
2.984170854271e-04 4.445009142987e-03 2.984170854271e-04 9.955549908570e-01
3.024497487437e-04 4.692754778426e-03 3.024497487437e-04 9.953072452216e-01
3.064824120603e-04 4.949291682170e-03 3.064824120603e-04 9.950507083178e-01
3.105150753769e-04 5.214594973053e-03 3.105150753769e-04 9.947854050269e-01
3.145477386935e-04 5.488616307718e-03 3.145477386935e-04 9.945113836923e-01
3.185804020101e-04 5.771283281453e-03 3.185804020101e-04 9.942287167185e-01
3.226130653266e-04 6.062498933340e-03 3.226130653266e-04 9.939375010667e-01
3.266457286432e-04 6.362141362278e-03 3.266457286432e-04 9.936378586377e-01
3.306783919598e-04 6.670063459746e-03 3.306783919598e-04 9.933299365403e-01
3.347110552764e-04 6.986092764495e-03 3.347110552764e-04 9.930139072355e-01
3.387437185930e-04 7.310031443543e-03 3.387437185930e-04 9.926899685565e-01
3.427763819095e-04 7.641656403012e-03 3.427763819095e-04 9.923583435970e-01
3.468090452261e-04 7.980719531406e-03 3.468090452261e-04 9.920192804686e-01
3.508417085427e-04 8.326948077019e-03 3.508417085427e-04 9.916730519230e-01
3.548743718593e-04 8.680045160137e-03 3.548743718593e-04 9.913199548399e-01
3.589070351759e-04 9.039690419684e-03 3.589070351759e-04 9.909603095803e-01
3.629396984925e-04 9.405540792935e-03 3.629396984925e-04 9.905944592071e-01
3.669723618090e-04 9.777231425853e-03 3.669723618090e-04 9.902227685741e-01
3.710050251256e-04 1.015437671057e-02 3.710050251256e-04 9.898456232894e-01
3.750376884422e-04 1.053657144550e-02 3.750376884422e-04 9.894634285545e-01
3.790703517588e-04 1.092339211251e-02 3.790703517588e-04 9.890766078875e-01
3.831030150754e-04 1.131439826475e-02 3.831030150754e-04 9.886856017353e-01
3.871356783920e-04 1.170913401755e-02 3.871356783920e-04 9.882908659824e-01
3.911683417085e-04 1.210712963422e-02 3.911683417085e-04 9.878928703658e-01
3.952010050251e-04 1.250790319742e-02 3.952010050251e-04 9.874920968026e-01
3.992336683417e-04 1.291096235652e-02 3.992336683417e-04 9.870890376435e-01
4.032663316583e-04 1.331580614007e-02 4.032663316583e-04 9.866841938599e-01
4.072989949749e-04 1.372192682254e-02 4.072989949749e-04 9.862780731775e-01
4.113316582915e-04 1.412881183362e-02 4.113316582915e-04 9.858711881664e-01
4.153643216080e-04 1.453594569808e-02 4.153643216080e-04 9.854640543019e-01
4.193969849246e-04 1.494281199418e-02 4.193969849246e-04 9.850571880058e-01
4.234296482412e-04 1.534889531787e-02 4.234296482412e-04 9.846511046821e-01
4.274623115578e-04 1.575368324072e-02 4.274623115578e-04 9.842463167593e-01
4.314949748744e-04 1.615666824891e-02 4.314949748744e-04 9.838433317511e-01
4.355276381910e-04 1.655734965121e-02 4.355276381910e-04 9.834426503488e-01
4.395603015075e-04 1.695523544388e-02 4.395603015075e-04 9.830447645561e-01
4.435929648241e-04 1.734984412107e-02 4.435929648241e-04 9.826501558789e-01
4.476256281407e-04 1.774070641953e-02 4.476256281407e-04 9.822592935805e-01
4.516582914573e-04 1.812736698707e-02 4.516582914573e-04 9.818726330129e-01
4.556909547739e-04 1.850938596507e-02 4.556909547739e-04 9.814906140349e-01
4.597236180905e-04 1.888634047582e-02 4.597236180905e-04 9.811136595242e-01
4.637562814070e-04 1.925782600640e-02 4.637562814070e-04 9.807421739936e-01
4.677889447236e-04 1.962345768174e-02 4.677889447236e-04 9.803765423183e-01
4.718216080402e-04 1.998287142041e-02 4.718216080402e-04 9.800171285796e-01
4.758542713568e-04 2.033572496751e-02 4.758542713568e-04 9.796642750325e-01
4.798869346734e-04 2.068169880039e-02 4.798869346734e-04 9.793183011996e-01
4.839195979899e-04 2.102049690349e-02 4.839195979899e-04 9.789795030965e-01
4.879522613065e-04 2.135184741023e-02 4.879522613065e-04 9.786481525898e-01
4.919849246231e-04 2.167550311024e-02 4.919849246231e-04 9.783244968898e-01
4.960175879397e-04 2.199124182194e-02 4.960175879397e-04 9.780087581781e-01
5.000502512563e-04 2.229886663096e-02 5.000502512563e-04 9.777011333690e-01
5.040829145729e-04 2.259820599623e-02 5.040829145729e-04 9.774017940038e-01
5.081155778894e-04 2.288911372630e-02 5.081155778894e-04 9.771108862737e-01
5.121482412060e-04 2.317146882958e-02 5.121482412060e-04 9.768285311704e-01
5.161809045226e-04 2.344517524274e-02 5.161809045226e-04 9.765548247573e-01
5.202135678392e-04 2.371016144261e-02 5.202135678392e-04 9.762898385574e-01
5.242462311558e-04 2.396637994744e-02 5.242462311558e-04 9.760336200526e-01
5.282788944724e-04 2.421380671408e-02 5.282788944724e-04 9.757861932859e-01
5.323115577889e-04 2.445244043824e-02 5.323115577889e-04 9.755475595618e-01
5.363442211055e-04 2.468230176544e-02 5.363442211055e-04 9.753176982346e-01
5.403768844221e-04 2.490343242066e-02 5.403768844221e-04 9.750965675793e-01
5.444095477387e-04 2.511589426510e-02 5.444095477387e-04 9.748841057349e-01
5.484422110553e-04 2.531976828857e-02 5.484422110553e-04 9.746802317114e-01
5.524748743719e-04 2.551515354632e-02 5.524748743719e-04 9.744848464537e-01
5.565075376884e-04 2.570216604903e-02 5.565075376884e-04 9.742978339510e-01
5.605402010050e-04 2.588093761491e-02 5.605402010050e-04 9.741190623851e-01
5.645728643216e-04 2.605161469246e-02 5.645728643216e-04 9.739483853075e-01
5.686055276382e-04 2.621435716261e-02 5.686055276382e-04 9.737856428374e-01
5.726381909548e-04 2.636933712850e-02 5.726381909548e-04 9.736306628715e-01
5.766708542714e-04 2.651673770098e-02 5.766708542714e-04 9.734832622990e-01
5.807035175879e-04 2.665675178749e-02 5.807035175879e-04 9.733432482125e-01
5.847361809045e-04 2.678958089183e-02 5.847361809045e-04 9.732104191082e-01
5.887688442211e-04 2.691543393139e-02 5.887688442211e-04 9.730845660686e-01
5.928015075377e-04 2.703452607857e-02 5.928015075377e-04 9.729654739214e-01
5.968341708543e-04 2.714707763211e-02 5.968341708543e-04 9.728529223679e-01
6.008668341709e-04 2.725331292365e-02 6.008668341709e-04 9.727466870764e-01
6.048994974874e-04 2.735345926460e-02 6.048994974874e-04 9.726465407354e-01
6.089321608040e-04 2.744774593727e-02 6.089321608040e-04 9.725522540627e-01
6.129648241206e-04 2.753640323412e-02 6.129648241206e-04 9.724635967659e-01
6.169974874372e-04 2.761966154832e-02 6.169974874372e-04 9.723803384517e-01
6.210301507538e-04 2.769775051795e-02 6.210301507538e-04 9.723022494820e-01
6.250628140704e-04 2.777089822612e-02 6.250628140704e-04 9.722291017739e-01
6.290954773869e-04 2.783933045832e-02 6.290954773869e-04 9.721606695417e-01
6.331281407035e-04 2.790327001802e-02 6.331281407035e-04 9.720967299820e-01
6.371608040201e-04 2.796293610102e-02 6.371608040201e-04 9.720370638990e-01
6.411934673367e-04 2.801854372852e-02 6.411934673367e-04 9.719814562715e-01
6.452261306533e-04 2.807030323855e-02 6.452261306533e-04 9.719296967614e-01
6.492587939698e-04 2.811841983488e-02 6.492587939698e-04 9.718815801651e-01
6.532914572864e-04 2.816309319224e-02 6.532914572864e-04 9.718369068078e-01
6.573241206030e-04 2.820451711642e-02 6.573241206030e-04 9.717954828836e-01
6.613567839196e-04 2.824287925728e-02 6.613567839196e-04 9.717571207427e-01
6.653894472362e-04 2.827836087275e-02 6.653894472362e-04 9.717216391272e-01
6.694221105528e-04 2.831113664145e-02 6.694221105528e-04 9.716888633585e-01
6.734547738693e-04 2.834137452145e-02 6.734547738693e-04 9.716586254786e-01
6.774874371859e-04 2.836923565255e-02 6.774874371859e-04 9.716307643475e-01
6.815201005025e-04 2.839487429940e-02 6.815201005025e-04 9.716051257006e-01
6.855527638191e-04 2.841843783250e-02 6.855527638191e-04 9.715815621675e-01
6.895854271357e-04 2.844006674427e-02 6.895854271357e-04 9.715599332557e-01
6.936180904523e-04 2.845989469728e-02 6.936180904523e-04 9.715401053027e-01
6.976507537688e-04 2.847804860172e-02 6.976507537688e-04 9.715219513983e-01
7.016834170854e-04 2.849464871915e-02 7.016834170854e-04 9.715053512808e-01
7.057160804020e-04 2.850980878990e-02 7.057160804020e-04 9.714901912101e-01
7.097487437186e-04 2.852363618101e-02 7.097487437186e-04 9.714763638190e-01
7.137814070352e-04 2.853623205242e-02 7.137814070352e-04 9.714637679476e-01
7.178140703518e-04 2.854769153850e-02 7.178140703518e-04 9.714523084615e-01
7.218467336683e-04 2.855810394263e-02 7.218467336683e-04 9.714418960574e-01
7.258793969849e-04 2.856755294248e-02 7.258793969849e-04 9.714324470575e-01
7.299120603015e-04 2.857611680370e-02 7.299120603015e-04 9.714238831963e-01
7.339447236181e-04 2.858386859998e-02 7.339447236181e-04 9.714161314000e-01
7.379773869347e-04 2.859087643764e-02 7.379773869347e-04 9.714091235624e-01
7.420100502513e-04 2.859720368286e-02 7.420100502513e-04 9.714027963171e-01
7.460427135678e-04 2.860290918998e-02 7.460427135678e-04 9.713970908100e-01
7.500753768844e-04 2.860804752941e-02 7.500753768844e-04 9.713919524706e-01
7.541080402010e-04 2.861266921373e-02 7.541080402010e-04 9.713873307863e-01
7.581407035176e-04 2.861682092095e-02 7.581407035176e-04 9.713831790791e-01
7.621733668342e-04 2.862054571369e-02 7.621733668342e-04 9.713794542863e-01
7.662060301508e-04 2.862388325351e-02 7.662060301508e-04 9.713761167465e-01
7.702386934673e-04 2.862687000956e-02 7.702386934673e-04 9.713731299904e-01
7.742713567839e-04 2.862953946086e-02 7.742713567839e-04 9.713704605391e-01
7.783040201005e-04 2.863192229163e-02 7.783040201005e-04 9.713680777084e-01
7.823366834171e-04 2.863404657942e-02 7.823366834171e-04 9.713659534206e-01
7.863693467337e-04 2.863593797538e-02 7.863693467337e-04 9.713640620246e-01
7.904020100503e-04 2.863761987669e-02 7.904020100503e-04 9.713623801233e-01
7.944346733668e-04 2.863911359092e-02 7.944346733668e-04 9.713608864091e-01
7.984673366834e-04 2.864043849208e-02 7.984673366834e-04 9.713595615079e-01
8.025000000000e-04 2.864161216852e-02 8.025000000000e-04 9.713583878315e-01
