0.000000000000e+00 4.957459940917e-05 0.000000000000e+00 2.319668199812e-07 0.000000000000e+00 9.999501934338e-01
7.035175879397e-06 5.522290654160e-05 7.035175879397e-06 2.834081809666e-07 7.035175879397e-06 9.999444936853e-01
1.407035175879e-05 6.145286758950e-05 1.407035175879e-05 3.455704797030e-07 1.407035175879e-05 9.999382015619e-01
2.110552763819e-05 6.831693747095e-05 2.110552763819e-05 4.205322562517e-07 2.110552763819e-05 9.999312625303e-01
2.814070351759e-05 7.587146658011e-05 2.814070351759e-05 5.107414629034e-07 2.814070351759e-05 9.999236177920e-01
3.517587939698e-05 8.417690264204e-05 3.517587939698e-05 6.190742820178e-07 3.517587939698e-05 9.999152040231e-01
4.221105527638e-05 9.329799424033e-05 4.221105527638e-05 7.489019973908e-07 4.221105527638e-05 9.999059531038e-01
4.924623115578e-05 1.033039950263e-04 4.924623115578e-05 9.041667848503e-07 4.924623115578e-05 9.998957918382e-01
5.628140703518e-05 1.142688675205e-04 5.628140703518e-05 1.089467339848e-06 5.628140703518e-05 9.998846416651e-01
6.331658291457e-05 1.262714853079e-04 6.331658291457e-05 1.310155307675e-06 6.331658291457e-05 9.998724183594e-01
7.035175879397e-05 1.393958323275e-04 7.035175879397e-05 1.572443523892e-06 7.035175879397e-05 9.998590317241e-01
7.738693467337e-05 1.537311978498e-04 7.738693467337e-05 1.883527106642e-06 7.738693467337e-05 9.998443852750e-01
8.442211055276e-05 1.693723656320e-04 8.442211055276e-05 2.251718466688e-06 8.442211055276e-05 9.998283759159e-01
9.145728643216e-05 1.864197956391e-04 9.145728643216e-05 2.686597312872e-06 9.145728643216e-05 9.998108936070e-01
9.849246231156e-05 2.049797966238e-04 9.849246231156e-05 3.199176727719e-06 9.849246231156e-05 9.997918210266e-01
1.055276381910e-04 2.251646877608e-04 1.055276381910e-04 3.802086367426e-06 1.055276381910e-04 9.997710332259e-01
1.125628140704e-04 2.470929474447e-04 1.125628140704e-04 4.509773799551e-06 1.125628140704e-04 9.997483972788e-01
1.195979899497e-04 2.708893472799e-04 1.195979899497e-04 5.338724927596e-06 1.195979899497e-04 9.997237719278e-01
1.266331658291e-04 2.966850692212e-04 1.266331658291e-04 6.307704361161e-06 1.266331658291e-04 9.996970072264e-01
1.336683417085e-04 3.246178037577e-04 1.336683417085e-04 7.438016470500e-06 1.336683417085e-04 9.996679441798e-01
1.407035175879e-04 3.548318269825e-04 1.407035175879e-04 8.753787712178e-06 1.407035175879e-04 9.996364143853e-01
1.477386934673e-04 3.874780543549e-04 1.477386934673e-04 1.028227062540e-05 1.477386934673e-04 9.996022396750e-01
1.547738693467e-04 4.227140689346e-04 1.547738693467e-04 1.205416967394e-05 1.547738693467e-04 9.995652317614e-01
1.618090452261e-04 4.607041218628e-04 1.618090452261e-04 1.410398884380e-05 1.618090452261e-04 9.995251918893e-01
1.688442211055e-04 5.016191028651e-04 1.688442211055e-04 1.647040060063e-05 1.688442211055e-04 9.994819104965e-01
1.758793969849e-04 5.456364785876e-04 1.758793969849e-04 1.919663546165e-05 1.758793969849e-04 9.994351668860e-01
1.829145728643e-04 5.929401966174e-04 1.829145728643e-04 2.233089104466e-05 1.829145728643e-04 9.993847289123e-01
1.899497487437e-04 6.437205531038e-04 1.899497487437e-04 2.592675902014e-05 1.899497487437e-04 9.993303526879e-01
1.969849246231e-04 6.981740219924e-04 1.969849246231e-04 3.004366791539e-05 1.969849246231e-04 9.992717823101e-01
2.040201005025e-04 7.565030439736e-04 2.040201005025e-04 3.474733919980e-05 2.040201005025e-04 9.992087496168e-01
2.110552763819e-04 8.189157734122e-04 2.110552763819e-04 4.011025352785e-05 2.110552763819e-04 9.991409739731e-01
2.180904522613e-04 8.856257816479e-04 2.180904522613e-04 4.621212342618e-05 2.180904522613e-04 9.990681620949e-01
2.251256281407e-04 9.568517152626e-04 2.251256281407e-04 5.314036809953e-05 2.251256281407e-04 9.989900079166e-01
2.321608040201e-04 1.032816908084e-03 2.321608040201e-04 6.099058539324e-05 2.321608040201e-04 9.989061925065e-01
2.391959798995e-04 1.113748945964e-03 2.391959798995e-04 6.986701530915e-05 2.391959798995e-04 9.988163840387e-01
2.462311557789e-04 1.199879183579e-03 2.462311557789e-04 7.988298882150e-05 2.462311557789e-04 9.987202378276e-01
2.532663316583e-04 1.291442212800e-03 2.532663316583e-04 9.116135510572e-05 2.532663316583e-04 9.986173964321e-01
2.603015075377e-04 1.388675282461e-03 2.603015075377e-04 1.038348796771e-04 2.603015075377e-04 9.985074898379e-01
2.673366834171e-04 1.491817669669e-03 2.673366834171e-04 1.180466053602e-04 2.673366834171e-04 9.983901357250e-01
2.743718592965e-04 1.601110003150e-03 2.743718592965e-04 1.339501674820e-04 2.743718592965e-04 9.982649398294e-01
2.814070351759e-04 1.716793539457e-03 2.814070351759e-04 1.517100542239e-04 2.814070351759e-04 9.981314964063e-01
2.884422110553e-04 1.839109393229e-03 2.884422110553e-04 1.715018026868e-04 2.884422110553e-04 9.979893888041e-01
2.954773869347e-04 1.968297723094e-03 2.954773869347e-04 1.935121209498e-04 2.954773869347e-04 9.978381901560e-01
3.025125628141e-04 2.104596875169e-03 3.025125628141e-04 2.179389262425e-04 3.025125628141e-04 9.976774641986e-01
3.095477386935e-04 2.248242486531e-03 3.095477386935e-04 2.449912893203e-04 3.095477386935e-04 9.975067662241e-01
3.165829145729e-04 2.399466551406e-03 3.165829145729e-04 2.748892752539e-04 3.165829145729e-04 9.973256441733e-01
3.236180904523e-04 2.558496453246e-03 3.236180904523e-04 3.078636711280e-04 3.236180904523e-04 9.971336398756e-01
3.306532663317e-04 2.725553966255e-03 3.306532663317e-04 3.441555916045e-04 3.306532663317e-04 9.969302904421e-01
3.376884422111e-04 2.900854230313e-03 3.376884422111e-04 3.840159539508e-04 3.376884422111e-04 9.967151298157e-01
3.447236180905e-04 3.084604703631e-03 3.447236180905e-04 4.277048149732e-04 3.447236180905e-04 9.964876904814e-01
3.517587939698e-04 3.277004097827e-03 3.517587939698e-04 4.754905633399e-04 3.517587939698e-04 9.962475053388e-01
3.587939698492e-04 3.478241300483e-03 3.587939698492e-04 5.276489620246e-04 3.587939698492e-04 9.959941097375e-01
3.658291457286e-04 3.688494290565e-03 3.658291457286e-04 5.844620370435e-04 3.658291457286e-04 9.957270436724e-01
3.728643216080e-04 3.907929052346e-03 3.728643216080e-04 6.462168102945e-04 3.728643216080e-04 9.954458541374e-01
3.798994974874e-04 4.136698493811e-03 3.798994974874e-04 7.132038761502e-04 3.798994974874e-04 9.951500976300e-01
3.869346733668e-04 4.374941375705e-03 3.869346733668e-04 7.857158234249e-04 3.869346733668e-04 9.948393428009e-01
3.939698492462e-04 4.622781257633e-03 3.939698492462e-04 8.640455065152e-04 3.939698492462e-04 9.945131732359e-01
4.010050251256e-04 4.880325467691e-03 4.010050251256e-04 9.484841717490e-04 4.010050251256e-04 9.941711903606e-01
4.080402010050e-04 5.147664102366e-03 4.080402010050e-04 1.039319447392e-03 4.080402010050e-04 9.938130164502e-01
4.150753768844e-04 5.424869063329e-03 4.150753768844e-04 1.136833208155e-03 4.150753768844e-04 9.934382977285e-01
4.221105527638e-04 5.711993137961e-03 4.221105527638e-04 1.241299327553e-03 4.221105527638e-04 9.930467075345e-01
4.291457286432e-04 6.009069130219e-03 4.291457286432e-04 1.352981333880e-03 4.291457286432e-04 9.926379495359e-01
4.361809045226e-04 6.316109048555e-03 4.361809045226e-04 1.472129988013e-03 4.361809045226e-04 9.922117609634e-01
4.432160804020e-04 6.633103357281e-03 4.432160804020e-04 1.598980803506e-03 4.432160804020e-04 9.917679158392e-01
4.502512562814e-04 6.960020297745e-03 4.502512562814e-04 1.733751531643e-03 4.502512562814e-04 9.913062281706e-01
4.572864321608e-04 7.296805285285e-03 4.572864321608e-04 1.876639636031e-03 4.572864321608e-04 9.908265550787e-01
4.643216080402e-04 7.643380387751e-03 4.643216080402e-04 2.027819783087e-03 4.643216080402e-04 9.903287998292e-01
4.713567839196e-04 7.999643890902e-03 4.713567839196e-04 2.187441376164e-03 4.713567839196e-04 9.898129147329e-01
4.783919597990e-04 8.365469955722e-03 4.783919597990e-04 2.355626162224e-03 4.783919597990e-04 9.892789038821e-01
4.854271356784e-04 8.740708372051e-03 4.854271356784e-04 2.532465940634e-03 4.854271356784e-04 9.887268256873e-01
4.924623115578e-04 9.125184412639e-03 4.924623115578e-04 2.718020404135e-03 4.924623115578e-04 9.881567951832e-01
4.994974874372e-04 9.518698790939e-03 4.994974874372e-04 2.912315141787e-03 4.994974874372e-04 9.875689860673e-01
5.065326633166e-04 9.921027725601e-03 5.065326633166e-04 3.115339833344e-03 5.065326633166e-04 9.869636324411e-01
5.135678391960e-04 1.033192311377e-02 5.135678391960e-04 3.327046663361e-03 5.135678391960e-04 9.863410302229e-01
5.206030150754e-04 1.075111281481e-02 5.206030150754e-04 3.547348981982e-03 5.206030150754e-04 9.857015382032e-01
5.276381909548e-04 1.117830104532e-02 5.276381909548e-04 3.776120237405e-03 5.276381909548e-04 9.850455787173e-01
5.346733668342e-04 1.161316888549e-02 5.346733668342e-04 4.013193202592e-03 5.346733668342e-04 9.843736379119e-01
5.417085427136e-04 1.205537489632e-02 5.417085427136e-04 4.258359516036e-03 5.417085427136e-04 9.836862655876e-01
5.487437185930e-04 1.250455584637e-02 5.487437185930e-04 4.511369553163e-03 5.487437185930e-04 9.829840746005e-01
5.557788944724e-04 1.296032754591e-02 5.557788944724e-04 4.771932641352e-03 5.557788944724e-04 9.822677398127e-01
5.628140703518e-04 1.342228578573e-02 5.628140703518e-04 5.039717627647e-03 5.628140703518e-04 9.815379965866e-01
5.698492462312e-04 1.389000737708e-02 5.698492462312e-04 5.314353804087e-03 5.698492462312e-04 9.807956388188e-01
5.768844221106e-04 1.436305128848e-02 5.768844221106e-04 5.595432191237e-03 5.768844221106e-04 9.800415165203e-01
5.839195979899e-04 1.484095987447e-02 5.839195979899e-04 5.882507175961e-03 5.839195979899e-04 9.792765329496e-01
5.909547738693e-04 1.532326019072e-02 5.909547738693e-04 6.175098494926e-03 5.909547738693e-04 9.785016413144e-01
5.979899497487e-04 1.580946538922e-02 5.979899497487e-04 6.472693550803e-03 5.979899497487e-04 9.777178410600e-01
6.050251256281e-04 1.629907618685e-02 6.050251256281e-04 6.774750043672e-03 6.050251256281e-04 9.769261737695e-01
6.120603015075e-04 1.679158239988e-02 6.120603015075e-04 7.080698895814e-03 6.120603015075e-04 9.761277187043e-01
6.190954773869e-04 1.728646453662e-02 6.190954773869e-04 7.389947444045e-03 6.190954773869e-04 9.753235880193e-01
6.261306532663e-04 1.778319543984e-02 6.261306532663e-04 7.701882870009e-03 6.261306532663e-04 9.745149216902e-01
6.331658291457e-04 1.828124197053e-02 6.331658291457e-04 8.015875835503e-03 6.331658291457e-04 9.737028821940e-01
6.402010050251e-04 1.878006672378e-02 6.402010050251e-04 8.331284286937e-03 6.402010050251e-04 9.728886489893e-01
6.472361809045e-04 1.927912976779e-02 6.472361809045e-04 8.647457390710e-03 6.472361809045e-04 9.720734128415e-01
6.542713567839e-04 1.977789039647e-02 6.542713567839e-04 8.963739559223e-03 6.542713567839e-04 9.712583700443e-01
6.613065326633e-04 2.027580888634e-02 6.613065326633e-04 9.279474526183e-03 6.613065326633e-04 9.704447165875e-01
6.683417085427e-04 2.077234824797e-02 6.683417085427e-04 9.594009428908e-03 6.683417085427e-04 9.696336423231e-01
6.753768844221e-04 2.126697596280e-02 6.753768844221e-04 9.906698855389e-03 6.753768844221e-04 9.688263251818e-01
6.824120603015e-04 2.175916569566e-02 6.824120603015e-04 1.021690881429e-02 6.824120603015e-04 9.680239254901e-01
6.894472361809e-04 2.224839897401e-02 6.894472361809e-04 1.052402058725e-02 6.894472361809e-04 9.672275804387e-01
6.964824120603e-04 2.273416682503e-02 6.964824120603e-04 1.082743442449e-02 6.964824120603e-04 9.664383987505e-01
7.035175879397e-04 2.321597136173e-02 7.035175879397e-04 1.112657304705e-02 7.035175879397e-04 9.656574555912e-01
7.105527638191e-04 2.369332731004e-02 7.105527638191e-04 1.142088492159e-02 7.105527638191e-04 9.648857877684e-01
7.175879396985e-04 2.416576346901e-02 7.175879396985e-04 1.170984727715e-02 7.175879396985e-04 9.641243892538e-01
7.246231155779e-04 2.463282409691e-02 7.246231155779e-04 1.199296883661e-02 7.246231155779e-04 9.633742070665e-01
7.316582914573e-04 2.509407021638e-02 7.316582914573e-04 1.226979223975e-02 7.316582914573e-04 9.626361375439e-01
7.386934673367e-04 2.554908083256e-02 7.386934673367e-04 1.253989613899e-02 7.386934673367e-04 9.619110230285e-01
7.457286432161e-04 2.599745405863e-02 7.457286432161e-04 1.280289695312e-02 7.457286432161e-04 9.611996489882e-01
7.527638190955e-04 2.643880814398e-02 7.527638190955e-04 1.305845026920e-02 7.527638190955e-04 9.605027415868e-01
7.597989949749e-04 2.687278240079e-02 7.597989949749e-04 1.330625188701e-02 7.597989949749e-04 9.598209657122e-01
7.668341708543e-04 2.729903802554e-02 7.668341708543e-04 1.354603850526e-02 7.668341708543e-04 9.591549234692e-01
7.738693467337e-04 2.771725881290e-02 7.738693467337e-04 1.377758805296e-02 7.738693467337e-04 9.585051531341e-01
7.809045226131e-04 2.812715175977e-02 7.809045226131e-04 1.400071967366e-02 7.809045226131e-04 9.578721285666e-01
7.879396984925e-04 2.852844755856e-02 7.879396984925e-04 1.421529337443e-02 7.879396984925e-04 9.572562590670e-01
7.949748743719e-04 2.892090097891e-02 7.949748743719e-04 1.442120935485e-02 7.949748743719e-04 9.566578896662e-01
8.020100502513e-04 2.930429113826e-02 8.020100502513e-04 1.461840703484e-02 8.020100502513e-04 9.560773018269e-01
8.090452261307e-04 2.967842166216e-02 8.090452261307e-04 1.480686380300e-02 8.090452261307e-04 9.555147145348e-01
8.160804020101e-04 3.004312073597e-02 8.160804020101e-04 1.498659350980e-02 8.160804020101e-04 9.549702857542e-01
8.231155778894e-04 3.039824105021e-02 8.231155778894e-04 1.515764473184e-02 8.231155778894e-04 9.544441142179e-01
8.301507537688e-04 3.074365964247e-02 8.301507537688e-04 1.532009883519e-02 8.301507537688e-04 9.539362415223e-01
8.371859296482e-04 3.107927763944e-02 8.371859296482e-04 1.547406786683e-02 8.371859296482e-04 9.534466544937e-01
8.442211055276e-04 3.140501990304e-02 8.442211055276e-04 1.561969230406e-02 8.442211055276e-04 9.529752877929e-01
8.512562814070e-04 3.172083458525e-02 8.512562814070e-04 1.575713869177e-02 8.512562814070e-04 9.525220267230e-01
8.582914572864e-04 3.202669259671e-02 8.582914572864e-04 1.588659719742e-02 8.582914572864e-04 9.520867102059e-01
8.653266331658e-04 3.232258699433e-02 8.653266331658e-04 1.600827911286e-02 8.653266331658e-04 9.516691338928e-01
8.723618090452e-04 3.260853229386e-02 8.723618090452e-04 1.612241433125e-02 8.723618090452e-04 9.512690533749e-01
8.793969849246e-04 3.288456371344e-02 8.793969849246e-04 1.622924882575e-02 8.793969849246e-04 9.508861874608e-01
8.864321608040e-04 3.315073635438e-02 8.864321608040e-04 1.632904215547e-02 8.864321608040e-04 9.505202214902e-01
8.934673366834e-04 3.340712432571e-02 8.934673366834e-04 1.642206502159e-02 8.934673366834e-04 9.501708106527e-01
9.005025125628e-04 3.365381981916e-02 9.005025125628e-04 1.650859689533e-02 9.005025125628e-04 9.498375832855e-01
9.075376884422e-04 3.389093214124e-02 9.075376884422e-04 1.658892373639e-02 9.075376884422e-04 9.495201441224e-01
9.145728643216e-04 3.411858670917e-02 9.145728643216e-04 1.666333581860e-02 9.145728643216e-04 9.492180774722e-01
9.216080402010e-04 3.433692401744e-02 9.216080402010e-04 1.673212567691e-02 9.216080402010e-04 9.489309503057e-01
9.286432160804e-04 3.454609858144e-02 9.286432160804e-04 1.679558618740e-02 9.286432160804e-04 9.486583152312e-01
9.356783919598e-04 3.474627786503e-02 9.356783919598e-04 1.685400878953e-02 9.356783919598e-04 9.483997133454e-01
9.427135678392e-04 3.493764119801e-02 9.427135678392e-04 1.690768185750e-02 9.427135678392e-04 9.481546769445e-01
9.497487437186e-04 3.512037868997e-02 9.497487437186e-04 1.695688922513e-02 9.497487437186e-04 9.479227320849e-01
9.567839195980e-04 3.529469014621e-02 9.567839195980e-04 1.700190886682e-02 9.567839195980e-04 9.477034009870e-01
9.638190954774e-04 3.546078399157e-02 9.638190954774e-04 1.704301173462e-02 9.638190954774e-04 9.474962042738e-01
9.708542713568e-04 3.561887620729e-02 9.708542713568e-04 1.708046074993e-02 9.708542713568e-04 9.473006630428e-01
9.778894472362e-04 3.576918928608e-02 9.778894472362e-04 1.711450994662e-02 9.778894472362e-04 9.471163007673e-01
9.849246231156e-04 3.591195120999e-02 9.849246231156e-04 1.714540376054e-02 9.849246231156e-04 9.469426450295e-01
9.919597989950e-04 3.604739445535e-02 9.919597989950e-04 1.717337645947e-02 9.919597989950e-04 9.467792290852e-01
9.989949748744e-04 3.617575502871e-02 9.989949748744e-04 1.719865170624e-02 9.989949748744e-04 9.466255932651e-01
1.006030150754e-03 3.629727153731e-02 1.006030150754e-03 1.722144224682e-02 1.006030150754e-03 9.464812862159e-01
1.013065326633e-03 3.641218429715e-02 1.013065326633e-03 1.724194971458e-02 1.013065326633e-03 9.463458659883e-01
1.020100502513e-03 3.652073448143e-02 1.020100502513e-03 1.726036454132e-02 1.020100502513e-03 9.462189009773e-01
1.027135678392e-03 3.662316331157e-02 1.027135678392e-03 1.727686596538e-02 1.027135678392e-03 9.460999707231e-01
1.034170854271e-03 3.671971129289e-02 1.034170854271e-03 1.729162212695e-02 1.034170854271e-03 9.459886665802e-01
1.041206030151e-03 3.681061749634e-02 1.041206030151e-03 1.730479024064e-02 1.041206030151e-03 9.458845922630e-01
1.048241206030e-03 3.689611888749e-02 1.048241206030e-03 1.731651683552e-02 1.048241206030e-03 9.457873642770e-01
1.055276381910e-03 3.697644970357e-02 1.055276381910e-03 1.732693805312e-02 1.055276381910e-03 9.456966122433e-01
1.062311557789e-03 3.705184087905e-02 1.062311557789e-03 1.733617999421e-02 1.062311557789e-03 9.456119791267e-01
1.069346733668e-03 3.712251951968e-02 1.069346733668e-03 1.734435910547e-02 1.069346733668e-03 9.455331213749e-01
1.076381909548e-03 3.718870842509e-02 1.076381909548e-03 1.735158259795e-02 1.076381909548e-03 9.454597089770e-01
1.083417085427e-03 3.725062565917e-02 1.083417085427e-03 1.735794888948e-02 1.083417085427e-03 9.453914254514e-01
1.090452261307e-03 3.730848416765e-02 1.090452261307e-03 1.736354806405e-02 1.090452261307e-03 9.453279677683e-01
1.097487437186e-03 3.736249144176e-02 1.097487437186e-03 1.736846234163e-02 1.097487437186e-03 9.452690462166e-01
1.104522613065e-03 3.741284922676e-02 1.104522613065e-03 1.737276655256e-02 1.104522613065e-03 9.452143842207e-01
1.111557788945e-03 3.745975327399e-02 1.111557788945e-03 1.737652861153e-02 1.111557788945e-03 9.451637181145e-01
1.118592964824e-03 3.750339313465e-02 1.118592964824e-03 1.737980998633e-02 1.118592964824e-03 9.451167968790e-01
1.125628140704e-03 3.754395199371e-02 1.125628140704e-03 1.738266615774e-02 1.125628140704e-03 9.450733818485e-01
1.132663316583e-03 3.758160654197e-02 1.132663316583e-03 1.738514706704e-02 1.132663316583e-03 9.450332463910e-01
1.139698492462e-03 3.761652688421e-02 1.139698492462e-03 1.738729754845e-02 1.139698492462e-03 9.449961755673e-01
1.146733668342e-03 3.764887648151e-02 1.146733668342e-03 1.738915774437e-02 1.146733668342e-03 9.449619657741e-01
1.153768844221e-03 3.767881212538e-02 1.153768844221e-03 1.739076350154e-02 1.153768844221e-03 9.449304243731e-01
1.160804020101e-03 3.770648394170e-02 1.160804020101e-03 1.739214674697e-02 1.160804020101e-03 9.449013693113e-01
1.167839195980e-03 3.773203542205e-02 1.167839195980e-03 1.739333584266e-02 1.167839195980e-03 9.448746287353e-01
1.174874371859e-03 3.775560348038e-02 1.174874371859e-03 1.739435591871e-02 1.174874371859e-03 9.448500406009e-01
1.181909547739e-03 3.777731853269e-02 1.181909547739e-03 1.739522918459e-02 1.181909547739e-03 9.448274522827e-01
1.188944723618e-03 3.779730459757e-02 1.188944723618e-03 1.739597521859e-02 1.188944723618e-03 9.448067201838e-01
1.195979899497e-03 3.781567941546e-02 1.195979899497e-03 1.739661123589e-02 1.195979899497e-03 9.447877093486e-01
1.203015075377e-03 3.783255458451e-02 1.203015075377e-03 1.739715233577e-02 1.203015075377e-03 9.447702930797e-01
1.210050251256e-03 3.784803571096e-02 1.210050251256e-03 1.739761172851e-02 1.210050251256e-03 9.447543525605e-01
1.217085427136e-03 3.786222257222e-02 1.217085427136e-03 1.739800094301e-02 1.217085427136e-03 9.447397764848e-01
1.224120603015e-03 3.787520929060e-02 1.224120603015e-03 1.739833001588e-02 1.224120603015e-03 9.447264606935e-01
1.231155778894e-03 3.788708451600e-02 1.231155778894e-03 1.739860766311e-02 1.231155778894e-03 9.447143078209e-01
1.238190954774e-03 3.789793161586e-02 1.238190954774e-03 1.739884143527e-02 1.238190954774e-03 9.447032269489e-01
1.245226130653e-03 3.790782887069e-02 1.245226130653e-03 1.739903785740e-02 1.245226130653e-03 9.446931332719e-01
1.252261306533e-03 3.791684967381e-02 1.252261306533e-03 1.739920255461e-02 1.252261306533e-03 9.446839477716e-01
1.259296482412e-03 3.792506273377e-02 1.259296482412e-03 1.739934036445e-02 1.259296482412e-03 9.446755969018e-01
1.266331658291e-03 3.793253227830e-02 1.266331658291e-03 1.739945543720e-02 1.266331658291e-03 9.446680122845e-01
1.273366834171e-03 3.793931825845e-02 1.273366834171e-03 1.739955132488e-02 1.273366834171e-03 9.446611304167e-01
1.280402010050e-03 3.794547655201e-02 1.280402010050e-03 1.739963106033e-02 1.280402010050e-03 9.446548923877e-01
1.287437185930e-03 3.795105916507e-02 1.287437185930e-03 1.739969722683e-02 1.287437185930e-03 9.446492436081e-01
1.294472361809e-03 3.795611443099e-02 1.294472361809e-03 1.739975201959e-02 1.294472361809e-03 9.446441335494e-01
1.301507537688e-03 3.796068720585e-02 1.301507537688e-03 1.739979729957e-02 1.301507537688e-03 9.446395154946e-01
1.308542713568e-03 3.796481905990e-02 1.308542713568e-03 1.739983464072e-02 1.308542713568e-03 9.446353462994e-01
1.315577889447e-03 3.796854846417e-02 1.315577889447e-03 1.739986537104e-02 1.315577889447e-03 9.446315861648e-01
1.322613065327e-03 3.797191097190e-02 1.322613065327e-03 1.739989060845e-02 1.322613065327e-03 9.446281984196e-01
1.329648241206e-03 3.797493939435e-02 1.329648241206e-03 1.739991129180e-02 1.329648241206e-03 9.446251493139e-01
1.336683417085e-03 3.797766397056e-02 1.336683417085e-03 1.739992820769e-02 1.336683417085e-03 9.446224078218e-01
1.343718592965e-03 3.798011253084e-02 1.343718592965e-03 1.739994201366e-02 1.343718592965e-03 9.446199454555e-01
1.350753768844e-03 3.798231065378e-02 1.350753768844e-03 1.739995325809e-02 1.350753768844e-03 9.446177360881e-01
1.357788944724e-03 3.798428181659e-02 1.357788944724e-03 1.739996239725e-02 1.357788944724e-03 9.446157557862e-01
1.364824120603e-03 3.798604753867e-02 1.364824120603e-03 1.739996980990e-02 1.364824120603e-03 9.446139826514e-01
1.371859296482e-03 3.798762751850e-02 1.371859296482e-03 1.739997580971e-02 1.371859296482e-03 9.446123966718e-01
1.378894472362e-03 3.798903976357e-02 1.378894472362e-03 1.739998065591e-02 1.378894472362e-03 9.446109795805e-01
1.385929648241e-03 3.799030071378e-02 1.385929648241e-03 1.739998456219e-02 1.385929648241e-03 9.446097147240e-01
1.392964824121e-03 3.799142535796e-02 1.392964824121e-03 1.739998770430e-02 1.392964824121e-03 9.446085869377e-01
1.400000000000e-03 3.799242734402e-02 1.400000000000e-03 1.739999022651e-02 1.400000000000e-03 9.446075824295e-01
