0.000000000000e+00 5.081136366142e-04 0.000000000000e+00 2.769979743381e-02 0.000000000000e+00 9.717920889296e-01
6.030150753769e-06 5.092569947306e-04 6.030150753769e-06 2.769974910843e-02 6.030150753769e-06 9.717909938968e-01
1.206030150754e-05 5.105486599782e-04 1.206030150754e-05 2.769968991987e-02 1.206030150754e-05 9.717897614202e-01
1.809045226131e-05 5.120059876444e-04 1.809045226131e-05 2.769961758821e-02 1.809045226131e-05 9.717883764241e-01
2.412060301508e-05 5.136481042141e-04 2.412060301508e-05 2.769952939254e-02 2.412060301508e-05 9.717868225032e-01
3.015075376884e-05 5.154960545522e-04 3.015075376884e-05 2.769942209389e-02 3.015075376884e-05 9.717850818516e-01
3.618090452261e-05 5.175729572337e-04 3.618090452261e-05 2.769929184636e-02 3.618090452261e-05 9.717831351964e-01
4.221105527638e-05 5.199041679842e-04 4.221105527638e-05 2.769913409509e-02 4.221105527638e-05 9.717809617369e-01
4.824120603015e-05 5.225174511218e-04 4.824120603015e-05 2.769894345930e-02 4.824120603015e-05 9.717785390896e-01
5.427135678392e-05 5.254431588169e-04 5.427135678392e-05 2.769871359887e-02 5.427135678392e-05 9.717758432423e-01
6.030150753769e-05 5.287144178932e-04 6.030150753769e-05 2.769843706257e-02 6.030150753769e-05 9.717728485195e-01
6.633165829146e-05 5.323673238045e-04 6.633165829146e-05 2.769810511591e-02 6.633165829146e-05 9.717695275603e-01
7.236180904523e-05 5.364411413141e-04 7.236180904523e-05 2.769770754682e-02 7.236180904523e-05 9.717658513119e-01
7.839195979899e-05 5.409785112976e-04 7.839195979899e-05 2.769723244672e-02 7.839195979899e-05 9.717617890420e-01
8.442211055276e-05 5.460256629674e-04 8.442211055276e-05 2.769666596511e-02 8.442211055276e-05 9.717573083719e-01
9.045226130653e-05 5.516326306977e-04 9.045226130653e-05 2.769599203525e-02 9.045226130653e-05 9.717523753341e-01
9.648241206030e-05 5.578534744927e-04 9.648241206030e-05 2.769519206881e-02 9.648241206030e-05 9.717469544567e-01
1.025125628141e-04 5.647465030057e-04 1.025125628141e-04 2.769424461724e-02 1.025125628141e-04 9.717410088798e-01
1.085427135678e-04 5.723744978779e-04 1.085427135678e-04 2.769312499772e-02 1.085427135678e-04 9.717345005044e-01
1.145728643216e-04 5.808049380113e-04 1.145728643216e-04 2.769180488174e-02 1.145728643216e-04 9.717273901802e-01
1.206030150754e-04 5.901102222556e-04 1.206030150754e-04 2.769025184440e-02 1.206030150754e-04 9.717196379333e-01
1.266331658291e-04 6.003678888221e-04 1.266331658291e-04 2.768842887281e-02 1.266331658291e-04 9.717112032384e-01
1.326633165829e-04 6.116608296027e-04 1.326633165829e-04 2.768629383248e-02 1.326633165829e-04 9.717020453379e-01
1.386934673367e-04 6.240774974154e-04 1.386934673367e-04 2.768379889046e-02 1.386934673367e-04 9.716921236121e-01
1.447236180905e-04 6.377121040559e-04 1.447236180905e-04 2.768088989520e-02 1.447236180905e-04 9.716813980007e-01
1.507537688442e-04 6.526648068938e-04 1.507537688442e-04 2.767750571282e-02 1.507537688442e-04 9.716698294803e-01
1.567839195980e-04 6.690418816233e-04 1.567839195980e-04 2.767357752097e-02 1.567839195980e-04 9.716573805974e-01
1.628140703518e-04 6.869558786544e-04 1.628140703518e-04 2.766902806142e-02 1.628140703518e-04 9.716440160599e-01
1.688442211055e-04 7.065257605138e-04 1.688442211055e-04 2.766377085400e-02 1.688442211055e-04 9.716297033855e-01
1.748743718593e-04 7.278770175476e-04 1.748743718593e-04 2.765770937503e-02 1.748743718593e-04 9.716144136074e-01
1.809045226131e-04 7.511417591088e-04 1.809045226131e-04 2.765073620461e-02 1.809045226131e-04 9.715981220363e-01
1.869346733668e-04 7.764587773821e-04 1.869346733668e-04 2.764273214817e-02 1.869346733668e-04 9.715808090744e-01
1.929648241206e-04 8.039735809410e-04 1.929648241206e-04 2.763356533896e-02 1.929648241206e-04 9.715624610801e-01
1.989949748744e-04 8.338383951169e-04 1.989949748744e-04 2.762309032940e-02 1.989949748744e-04 9.715430712755e-01
2.050251256281e-04 8.662121262852e-04 2.050251256281e-04 2.761114718039e-02 2.050251256281e-04 9.715226406933e-01
2.110552763819e-04 9.012602871928e-04 2.110552763819e-04 2.759756055942e-02 2.110552763819e-04 9.715011791534e-01
2.170854271357e-04 9.391548805411e-04 2.170854271357e-04 2.758213885924e-02 2.170854271357e-04 9.714787062602e-01
2.231155778894e-04 9.800742381107e-04 2.231155778894e-04 2.756467335063e-02 2.231155778894e-04 9.714552524113e-01
2.291457286432e-04 1.024202812898e-03 2.291457286432e-04 2.754493738383e-02 2.291457286432e-04 9.714308598033e-01
2.351758793970e-04 1.071730921841e-03 2.351758793970e-04 2.752268565490e-02 2.351758793970e-04 9.714055834233e-01
2.412060301508e-04 1.122854436969e-03 2.412060301508e-04 2.749765355393e-02 2.412060301508e-04 9.713794920091e-01
2.472361809045e-04 1.177774423043e-03 2.472361809045e-04 2.746955661355e-02 2.472361809045e-04 9.713526689634e-01
2.532663316583e-04 1.236696720002e-03 2.532663316583e-04 2.743809007696e-02 2.532663316583e-04 9.713252132030e-01
2.592964824121e-04 1.299831468900e-03 2.592964824121e-04 2.740292860520e-02 2.592964824121e-04 9.712972399259e-01
2.653266331658e-04 1.367392580317e-03 2.653266331658e-04 2.736372614411e-02 2.653266331658e-04 9.712688812756e-01
2.713567839196e-04 1.439597144678e-03 2.713567839196e-04 2.732011597144e-02 2.713567839196e-04 9.712402868839e-01
2.773869346734e-04 1.516664784250e-03 2.773869346734e-04 2.727171094444e-02 2.773869346734e-04 9.712116242713e-01
2.834170854271e-04 1.598816947160e-03 2.834170854271e-04 2.721810396790e-02 2.834170854271e-04 9.711830790849e-01
2.894472361809e-04 1.686276144121e-03 2.894472361809e-04 2.715886870137e-02 2.894472361809e-04 9.711548551545e-01
2.954773869347e-04 1.779265129181e-03 2.954773869347e-04 2.709356052352e-02 2.954773869347e-04 9.711271743473e-01
3.015075376884e-04 1.878006026281e-03 3.015075376884e-04 2.702171776934e-02 3.015075376884e-04 9.711002762044e-01
3.075376884422e-04 1.982719403951e-03 3.075376884422e-04 2.694286325412e-02 3.075376884422e-04 9.710744173419e-01
3.135678391960e-04 2.093623301078e-03 3.135678391960e-04 2.685650609526e-02 3.135678391960e-04 9.710498706037e-01
3.195979899497e-04 2.210932207182e-03 3.195979899497e-04 2.676214384007e-02 3.195979899497e-04 9.710269239527e-01
3.256281407035e-04 2.334856001314e-03 3.256281407035e-04 2.665926490403e-02 3.256281407035e-04 9.710058790947e-01
3.316582914573e-04 2.465598854124e-03 3.316582914573e-04 2.654735132024e-02 3.316582914573e-04 9.709870498256e-01
3.376884422111e-04 2.603358098298e-03 3.376884422111e-04 2.642588179643e-02 3.376884422111e-04 9.709707601053e-01
3.437185929648e-04 2.748323073140e-03 3.437185929648e-04 2.629433507118e-02 3.437185929648e-04 9.709573418557e-01
3.497487437186e-04 2.900673949439e-03 3.497487437186e-04 2.615219355623e-02 3.497487437186e-04 9.709471324943e-01
3.557788944724e-04 3.060580541435e-03 3.557788944724e-04 2.599894724652e-02 3.557788944724e-04 9.709404722120e-01
3.618090452261e-04 3.228201113027e-03 3.618090452261e-04 2.583409787452e-02 3.618090452261e-04 9.709377010125e-01
3.678391959799e-04 3.403681185856e-03 3.678391959799e-04 2.565716327988e-02 3.678391959799e-04 9.709391555343e-01
3.738693467337e-04 3.587152357141e-03 3.738693467337e-04 2.546768196036e-02 3.738693467337e-04 9.709451656825e-01
3.798994974874e-04 3.778731135670e-03 3.798994974874e-04 2.526521776493e-02 3.798994974874e-04 9.709560510994e-01
3.859296482412e-04 3.978517804315e-03 3.859296482412e-04 2.504936468489e-02 3.859296482412e-04 9.709721175108e-01
3.919597989950e-04 4.186595317812e-03 3.919597989950e-04 2.481975169446e-02 3.919597989950e-04 9.709936529877e-01
3.979899497487e-04 4.403028244672e-03 3.979899497487e-04 2.457604758864e-02 3.979899497487e-04 9.710209241667e-01
4.040201005025e-04 4.627861761881e-03 4.040201005025e-04 2.431796576202e-02 4.040201005025e-04 9.710541724761e-01
4.100502512563e-04 4.861120711314e-03 4.100502512563e-04 2.404526886997e-02 4.100502512563e-04 9.710936104187e-01
4.160804020101e-04 5.102808726399e-03 4.160804020101e-04 2.375777331174e-02 4.160804020101e-04 9.711394179619e-01
4.221105527638e-04 5.352907437501e-03 4.221105527638e-04 2.345535347343e-02 4.221105527638e-04 9.711917390891e-01
4.281407035176e-04 5.611375764073e-03 4.281407035176e-04 2.313794566896e-02 4.281407035176e-04 9.712506785670e-01
4.341708542714e-04 5.878149301367e-03 4.341708542714e-04 2.280555171795e-02 4.341708542714e-04 9.713162989807e-01
4.402010050251e-04 6.153139808924e-03 4.402010050251e-04 2.245824210092e-02 4.402010050251e-04 9.713886180902e-01
4.462311557789e-04 6.436234807445e-03 4.462311557789e-04 2.209615863558e-02 4.462311557789e-04 9.714676065570e-01
4.522613065327e-04 6.727297290290e-03 4.522613065327e-04 2.171951662144e-02 4.522613065327e-04 9.715531860883e-01
4.582914572864e-04 7.026165554699e-03 4.582914572864e-04 2.132860640515e-02 4.582914572864e-04 9.716452280402e-01
4.643216080402e-04 7.332653157479e-03 4.643216080402e-04 2.092379432456e-02 4.643216080402e-04 9.717435525180e-01
4.703517587940e-04 7.646548998769e-03 4.703517587940e-04 2.050552299701e-02 4.703517587940e-04 9.718479280042e-01
4.763819095477e-04 7.967617536726e-03 4.763819095477e-04 2.007431092400e-02 4.763819095477e-04 9.719580715393e-01
4.824120603015e-04 8.295599134948e-03 4.824120603015e-04 1.963075139341e-02 4.824120603015e-04 9.720736494716e-01
4.884422110553e-04 8.630210543459e-03 4.884422110553e-04 1.917551066946e-02 4.884422110553e-04 9.721942787871e-01
4.944723618090e-04 8.971145513257e-03 4.944723618090e-04 1.870932546928e-02 4.944723618090e-04 9.723195290175e-01
5.005025125628e-04 9.318075542927e-03 5.005025125628e-04 1.823299973529e-02 5.005025125628e-04 9.724489247218e-01
5.065326633166e-04 9.670650755295e-03 5.065326633166e-04 1.774740072238e-02 5.065326633166e-04 9.725819485223e-01
5.125628140704e-04 1.002850090065e-02 5.125628140704e-04 1.725345442785e-02 5.125628140704e-04 9.727180446715e-01
5.185929648241e-04 1.039123648225e-02 5.185929648241e-04 1.675214040270e-02 5.185929648241e-04 9.728566231151e-01
5.246231155779e-04 1.075844999854e-02 5.246231155779e-04 1.624448599103e-02 5.246231155779e-04 9.729970640104e-01
5.306532663317e-04 1.112971729594e-02 5.306532663317e-04 1.573156005341e-02 5.306532663317e-04 9.731387226507e-01
5.366834170854e-04 1.150459902469e-02 5.366834170854e-04 1.521446623742e-02 5.366834170854e-04 9.732809347379e-01
5.427135678392e-04 1.188264218946e-02 5.427135678392e-04 1.469433586631e-02 5.427135678392e-04 9.734230219442e-01
5.487437185930e-04 1.226338178593e-02 5.487437185930e-04 1.417232052115e-02 5.487437185930e-04 9.735642976929e-01
5.547738693467e-04 1.264634251322e-02 5.547738693467e-04 1.364958439814e-02 5.547738693467e-04 9.737040730886e-01
5.608040201005e-04 1.303104055188e-02 5.608040201005e-04 1.312729652538e-02 5.608040201005e-04 9.738416629227e-01
5.668341708543e-04 1.341698539630e-02 5.668341708543e-04 1.260662292546e-02 5.668341708543e-04 9.739763916782e-01
5.728643216080e-04 1.380368172997e-02 5.728643216080e-04 1.208871881192e-02 5.728643216080e-04 9.741075994581e-01
5.788944723618e-04 1.419063133169e-02 5.788944723618e-04 1.157472090596e-02 5.788944723618e-04 9.742346477624e-01
5.849246231156e-04 1.457733500046e-02 5.849246231156e-04 1.106573995886e-02 5.849246231156e-04 9.743569250407e-01
5.909547738693e-04 1.496329448672e-02 5.909547738693e-04 1.056285356213e-02 5.909547738693e-04 9.744738519511e-01
5.969849246231e-04 1.534801441738e-02 5.969849246231e-04 1.006709932248e-02 5.969849246231e-04 9.745848862601e-01
6.030150753769e-04 1.573100420247e-02 6.030150753769e-04 9.579468473485e-03 6.030150753769e-04 9.746895273240e-01
6.090452261307e-04 1.611177991087e-02 6.090452261307e-04 9.100899989526e-03 6.090452261307e-04 9.747873200996e-01
6.150753768844e-04 1.648986610345e-02 6.150753768844e-04 8.632275259036e-03 6.150753768844e-04 9.748778586375e-01
6.211055276382e-04 1.686479761200e-02 6.211055276382e-04 8.174413366417e-03 6.211055276382e-04 9.749607890216e-01
6.271356783920e-04 1.723612125262e-02 6.271356783920e-04 7.728067023100e-03 6.271356783920e-04 9.750358117243e-01
6.331658291457e-04 1.760339746352e-02 6.331658291457e-04 7.293919177924e-03 6.331658291457e-04 9.751026833586e-01
6.391959798995e-04 1.796620185698e-02 6.391959798995e-04 6.872580328392e-03 6.391959798995e-04 9.751612178146e-01
6.452261306533e-04 1.832412667666e-02 6.452261306533e-04 6.464586543928e-03 6.452261306533e-04 9.752112867794e-01
6.512562814070e-04 1.867678215184e-02 6.512562814070e-04 6.070398202499e-03 6.512562814070e-04 9.752528196457e-01
6.572864321608e-04 1.902379774151e-02 6.572864321608e-04 5.690399432893e-03 6.572864321608e-04 9.752858028256e-01
6.633165829146e-04 1.936482326147e-02 6.633165829146e-04 5.324898245596e-03 6.633165829146e-04 9.753102784929e-01
6.693467336683e-04 1.969952988946e-02 6.693467336683e-04 4.974127326844e-03 6.693467336683e-04 9.753263427837e-01
6.753768844221e-04 2.002761104366e-02 6.753768844221e-04 4.638245462484e-03 6.753768844221e-04 9.753341434939e-01
6.814070351759e-04 2.034878313128e-02 6.814070351759e-04 4.317339551650e-03 6.814070351759e-04 9.753338773171e-01
6.874371859296e-04 2.066278616503e-02 6.874371859296e-04 4.011427163430e-03 6.874371859296e-04 9.753257866715e-01
6.934673366834e-04 2.096938424605e-02 6.934673366834e-04 3.720459585361e-03 6.934673366834e-04 9.753101561686e-01
6.994974874372e-04 2.126836591337e-02 6.994974874372e-04 3.444325307964e-03 6.994974874372e-04 9.752873087787e-01
7.055276381910e-04 2.155954436043e-02 7.055276381910e-04 3.182853886406e-03 7.055276381910e-04 9.752576017532e-01
7.115577889447e-04 2.184275752086e-02 7.115577889447e-04 2.935820118592e-03 7.115577889447e-04 9.752214223605e-01
7.175879396985e-04 2.211786802593e-02 7.175879396985e-04 2.702948477743e-03 7.175879396985e-04 9.751791834963e-01
7.236180904523e-04 2.238476303765e-02 7.236180904523e-04 2.483917737577e-03 7.236180904523e-04 9.751313192248e-01
7.296482412060e-04 2.264335396192e-02 7.296482412060e-04 2.278365729022e-03 7.296482412060e-04 9.750782803091e-01
7.356783919598e-04 2.289357604709e-02 7.356783919598e-04 2.085894169403e-03 7.356783919598e-04 9.750205297835e-01
7.417085427136e-04 2.313538787400e-02 7.417085427136e-04 1.906073507203e-03 7.417085427136e-04 9.749585386188e-01
7.477386934673e-04 2.336877074408e-02 7.477386934673e-04 1.738447729253e-03 7.477386934673e-04 9.748927815267e-01
7.537688442211e-04 2.359372797290e-02 7.537688442211e-04 1.582539080795e-03 7.537688442211e-04 9.748237329463e-01
7.597989949749e-04 2.381028409677e-02 7.597989949749e-04 1.437852653242e-03 7.597989949749e-04 9.747518632500e-01
7.658291457286e-04 2.401848400044e-02 7.658291457286e-04 1.303880799376e-03 7.658291457286e-04 9.746776352002e-01
7.718592964824e-04 2.421839197452e-02 7.718592964824e-04 1.180107340647e-03 7.718592964824e-04 9.746015006848e-01
7.778894472362e-04 2.441009071107e-02 7.778894472362e-04 1.066011536509e-03 7.778894472362e-04 9.745238977524e-01
7.839195979899e-04 2.459368024613e-02 7.839195979899e-04 9.610717909944e-04 7.839195979899e-04 9.744452479629e-01
7.899497487437e-04 2.476927685815e-02 7.899497487437e-04 8.647690770510e-04 7.899497487437e-04 9.743659540648e-01
7.959798994975e-04 2.493701193096e-02 7.959798994975e-04 7.765900642437e-04 7.959798994975e-04 9.742863980048e-01
8.020100502513e-04 2.509703079005e-02 8.020100502513e-04 6.960299404023e-04 8.020100502513e-04 9.742069392695e-01
8.080402010050e-04 2.524949152065e-02 8.080402010050e-04 6.225949226151e-04 8.080402010050e-04 9.741279135567e-01
8.140703517588e-04 2.539456377589e-02 8.140703517588e-04 5.558044571386e-04 8.140703517588e-04 9.740496317670e-01
8.201005025126e-04 2.553242758293e-02 8.201005025126e-04 4.951931119863e-04 8.201005025126e-04 9.739723793051e-01
8.261306532663e-04 2.566327215489e-02 8.261306532663e-04 4.403121694713e-04 8.261306532663e-04 9.738964156756e-01
8.321608040201e-04 2.578729471537e-02 8.321608040201e-04 3.907309291831e-04 8.321608040201e-04 9.738219743554e-01
8.381909547739e-04 2.590469934277e-02 8.381909547739e-04 3.460377345882e-04 8.381909547739e-04 9.737492629226e-01
8.442211055276e-04 2.601569584026e-02 8.442211055276e-04 3.058407387595e-04 8.442211055276e-04 9.736784634210e-01
8.502512562814e-04 2.612049863739e-02 8.502512562814e-04 2.697684265159e-04 8.502512562814e-04 9.736097329361e-01
8.562814070352e-04 2.621932572836e-02 8.562814070352e-04 2.374699116745e-04 8.562814070352e-04 9.735432043600e-01
8.623115577889e-04 2.631239765169e-02 8.623115577889e-04 2.086150291324e-04 8.623115577889e-04 9.734789873192e-01
8.683417085427e-04 2.639993651528e-02 8.683417085427e-04 1.828942420019e-04 8.683417085427e-04 9.734171692427e-01
8.743718592965e-04 2.648216507038e-02 8.743718592965e-04 1.600183843230e-04 8.743718592965e-04 9.733578165453e-01
8.804020100503e-04 2.655930583733e-02 8.804020100503e-04 1.397182597388e-04 8.804020100503e-04 9.733009759029e-01
8.864321608040e-04 2.663158028555e-02 8.864321608040e-04 1.217441161413e-04 8.864321608040e-04 9.732466755983e-01
8.924623115578e-04 2.669920806941e-02 8.924623115578e-04 1.058650156466e-04 8.924623115578e-04 9.731949269149e-01
8.984924623116e-04 2.676240632137e-02 8.984924623116e-04 9.186811841310e-05 8.984924623116e-04 9.731457255602e-01
9.045226130653e-04 2.682138900316e-02 9.045226130653e-04 7.955789776954e-05 9.045226130653e-04 9.730990530991e-01
9.105527638191e-04 2.687636631524e-02 9.105527638191e-04 6.875530295599e-05 9.105527638191e-04 9.730548783818e-01
9.165829145729e-04 2.692754416433e-02 9.165829145729e-04 5.929688452523e-05 9.165829145729e-04 9.730131589511e-01
9.226130653266e-04 2.697512368855e-02 9.226130653266e-04 5.103389608149e-05 9.226130653266e-04 9.729738424154e-01
9.286432160804e-04 2.701930083901e-02 9.286432160804e-04 4.383138468168e-05 9.286432160804e-04 9.729368677763e-01
9.346733668342e-04 2.706026601666e-02 9.346733668342e-04 3.756728082276e-05 9.346733668342e-04 9.729021667025e-01
9.407035175879e-04 2.709820376268e-02 9.407035175879e-04 3.213149756652e-05 9.407035175879e-04 9.728696647398e-01
9.467336683417e-04 2.713329250044e-02 9.467336683417e-04 2.742504701836e-05 9.467336683417e-04 9.728392824525e-01
9.527638190955e-04 2.716570432694e-02 9.527638190955e-04 2.335918108284e-05 9.527638190955e-04 9.728109364920e-01
9.587939698492e-04 2.719560485129e-02 9.587939698492e-04 1.985456220849e-05 9.587939698492e-04 9.727845405865e-01
9.648241206030e-04 2.722315307758e-02 9.648241206030e-04 1.684046869030e-05 9.648241206030e-04 9.727600064537e-01
9.708542713568e-04 2.724850132972e-02 9.708542713568e-04 1.425403804781e-05 9.708542713568e-04 9.727372446322e-01
9.768844221106e-04 2.727179521507e-02 9.768844221106e-04 1.203955103733e-05 9.768844221106e-04 9.727161652339e-01
9.829145728643e-04 2.729317362438e-02 9.829145728643e-04 1.014775799509e-05 9.829145728643e-04 9.726966786176e-01
9.889447236181e-04 2.731276876484e-02 9.889447236181e-04 8.535248439648e-06 9.889447236181e-04 9.726786959867e-01
9.949748743719e-04 2.733070622348e-02 9.949748743719e-04 7.163864193124e-06 9.949748743719e-04 9.726621299123e-01
1.001005025126e-03 2.734710505800e-02 1.001005025126e-03 6.000155705038e-06 1.001005025126e-03 9.726468947863e-01
1.007035175879e-03 2.736207791211e-02 1.007035175879e-03 5.014880771034e-06 1.007035175879e-03 9.726329072071e-01
1.013065326633e-03 2.737573115265e-02 1.013065326633e-03 4.182544438201e-06 1.013065326633e-03 9.726200863029e-01
1.019095477387e-03 2.738816502570e-02 1.019095477387e-03 3.480978561142e-06 1.019095477387e-03 9.726083539957e-01
1.025125628141e-03 2.739947382913e-02 1.025125628141e-03 2.890959219407e-06 1.025125628141e-03 9.725976352117e-01
1.031155778894e-03 2.740974609899e-02 1.031155778894e-03 2.395860017521e-06 1.031155778894e-03 9.725878580410e-01
1.037185929648e-03 2.741906480743e-02 1.037185929648e-03 1.981339157915e-06 1.037185929648e-03 9.725789538534e-01
1.043216080402e-03 2.742750756982e-02 1.043216080402e-03 1.635058096361e-06 1.043216080402e-03 9.725708573721e-01
1.049246231156e-03 2.743514685896e-02 1.049246231156e-03 1.346429553593e-06 1.049246231156e-03 9.725635067115e-01
1.055276381910e-03 2.744205022448e-02 1.055276381910e-03 1.106392659055e-06 1.055276381910e-03 9.725568433829e-01
1.061306532663e-03 2.744828051542e-02 1.061306532663e-03 9.072130349001e-07 1.061306532663e-03 9.725508122715e-01
1.067336683417e-03 2.745389610457e-02 1.067336683417e-03 7.423056882748e-07 1.067336683417e-03 9.725453615897e-01
1.073366834171e-03 2.745895111276e-02 1.073366834171e-03 6.060786591454e-07 1.073366834171e-03 9.725404428086e-01
1.079396984925e-03 2.746349563192e-02 1.079396984925e-03 4.937954663428e-07 1.079396984925e-03 9.725360105726e-01
1.085427135678e-03 2.746757594562e-02 1.085427135678e-03 4.014545015897e-07 1.085427135678e-03 9.725320225999e-01
1.091457286432e-03 2.747123474593e-02 1.091457286432e-03 3.256836360842e-07 1.091457286432e-03 9.725284395704e-01
1.097487437186e-03 2.747451134573e-02 1.097487437186e-03 2.636484235131e-07 1.097487437186e-03 9.725252250058e-01
1.103517587940e-03 2.747744188558e-02 1.103517587940e-03 2.129724048228e-07 1.103517587940e-03 9.725223451420e-01
1.109547738693e-03 2.748005953451e-02 1.109547738693e-03 1.716681409213e-07 1.109547738693e-03 9.725197687973e-01
1.115577889447e-03 2.748239468412e-02 1.115577889447e-03 1.380777179746e-07 1.115577889447e-03 9.725174672382e-01
1.121608040201e-03 2.748447513544e-02 1.121608040201e-03 1.108215847215e-07 1.121608040201e-03 9.725154140430e-01
1.127638190955e-03 2.748632627833e-02 1.127638190955e-03 8.875469108618e-08 1.127638190955e-03 9.725135849670e-01
1.133668341709e-03 2.748797126306e-02 1.133668341709e-03 7.092900125225e-08 1.133668341709e-03 9.725119578079e-01
1.139698492462e-03 2.748943116381e-02 1.139698492462e-03 5.656155186579e-08 1.139698492462e-03 9.725105122746e-01
1.145728643216e-03 2.749072513420e-02 1.145728643216e-03 4.500731697402e-08 1.145728643216e-03 9.725092298585e-01
1.151758793970e-03 2.749187055451e-02 1.151758793970e-03 3.573622488900e-08 1.151758793970e-03 9.725080937093e-01
1.157788944724e-03 2.749288317092e-02 1.157788944724e-03 2.831374920631e-08 1.157788944724e-03 9.725070885153e-01
1.163819095477e-03 2.749377722662e-02 1.163819095477e-03 2.238456615553e-08 1.163819095477e-03 9.725062003888e-01
1.169849246231e-03 2.749456558509e-02 1.169849246231e-03 1.765883382576e-08 1.169849246231e-03 9.725054167561e-01
1.175879396985e-03 2.749525984556e-02 1.175879396985e-03 1.390070583640e-08 1.175879396985e-03 9.725047262537e-01
1.181909547739e-03 2.749587045100e-02 1.181909547739e-03 1.091874318043e-08 1.181909547739e-03 9.725041186303e-01
1.187939698492e-03 2.749640678885e-02 1.187939698492e-03 8.557933275227e-09 1.187939698492e-03 9.725035846532e-01
1.193969849246e-03 2.749687728466e-02 1.193969849246e-03 6.693065584401e-09 1.193969849246e-03 9.725031160223e-01
1.200000000000e-03 2.749728948905e-02 1.200000000000e-03 5.223248750186e-09 1.200000000000e-03 9.725027052877e-01
