0.000000000000e+00 2.799999999980e-02 0.000000000000e+00 3.430483460303e-21 0.000000000000e+00 9.720000000002e-01
5.025125628141e-06 2.799999999969e-02 5.025125628141e-06 7.103689022786e-21 5.025125628141e-06 9.720000000003e-01
1.005025125628e-05 2.799999999953e-02 1.005025125628e-05 1.461626149449e-20 1.005025125628e-05 9.720000000005e-01
1.507537688442e-05 2.799999999928e-02 1.507537688442e-05 2.988222853222e-20 1.507537688442e-05 9.720000000007e-01
2.010050251256e-05 2.799999999892e-02 2.010050251256e-05 6.070361501492e-20 2.010050251256e-05 9.720000000011e-01
2.512562814070e-05 2.799999999837e-02 2.512562814070e-05 1.225297685679e-19 2.512562814070e-05 9.720000000016e-01
3.015075376884e-05 2.799999999756e-02 3.015075376884e-05 2.457507012071e-19 3.015075376884e-05 9.720000000024e-01
3.517587939698e-05 2.799999999636e-02 3.517587939698e-05 4.897502156737e-19 3.517587939698e-05 9.720000000036e-01
4.020100502513e-05 2.799999999459e-02 4.020100502513e-05 9.697992943802e-19 4.020100502513e-05 9.720000000054e-01
4.522613065327e-05 2.799999999198e-02 4.522613065327e-05 1.908170185922e-18 4.522613065327e-05 9.720000000080e-01
5.025125628141e-05 2.799999998817e-02 5.025125628141e-05 3.730620191591e-18 5.025125628141e-05 9.720000000118e-01
5.527638190955e-05 2.799999998260e-02 5.527638190955e-05 7.247268429644e-18 5.527638190955e-05 9.720000000174e-01
6.030150753769e-05 2.799999997452e-02 6.030150753769e-05 1.398935686943e-17 6.030150753769e-05 9.720000000255e-01
6.532663316583e-05 2.799999996282e-02 6.532663316583e-05 2.683193368647e-17 6.532663316583e-05 9.720000000372e-01
7.035175879397e-05 2.799999994594e-02 7.035175879397e-05 5.113729663347e-17 7.035175879397e-05 9.720000000541e-01
7.537688442211e-05 2.799999992169e-02 7.537688442211e-05 9.684024957587e-17 7.537688442211e-05 9.720000000783e-01
8.040201005025e-05 2.799999988698e-02 8.040201005025e-05 1.822246680592e-16 8.040201005025e-05 9.720000001130e-01
8.542713567839e-05 2.799999983749e-02 8.542713567839e-05 3.407158856735e-16 8.542713567839e-05 9.720000001625e-01
9.045226130653e-05 2.799999976719e-02 9.045226130653e-05 6.330126398842e-16 9.045226130653e-05 9.720000002328e-01
9.547738693467e-05 2.799999966772e-02 9.547738693467e-05 1.168605770481e-15 9.547738693467e-05 9.720000003323e-01
1.005025125628e-04 2.799999952748e-02 1.005025125628e-04 2.143681212891e-15 1.005025125628e-04 9.720000004725e-01
1.055276381910e-04 2.799999933054e-02 1.055276381910e-04 3.907417519489e-15 1.055276381910e-04 9.720000006695e-01
1.105527638191e-04 2.799999905501e-02 1.105527638191e-04 7.077140492439e-15 1.105527638191e-04 9.720000009450e-01
1.155778894472e-04 2.799999867097e-02 1.155778894472e-04 1.273694169077e-14 1.155778894472e-04 9.720000013290e-01
1.206030150754e-04 2.799999813774e-02 1.206030150754e-04 2.277785606154e-14 1.206030150754e-04 9.720000018622e-01
1.256281407035e-04 2.799999740016e-02 1.256281407035e-04 4.047640120804e-14 1.256281407035e-04 9.720000025998e-01
1.306532663317e-04 2.799999638378e-02 1.306532663317e-04 7.147157608744e-14 1.306532663317e-04 9.720000036161e-01
1.356783919598e-04 2.799999498851e-02 1.356783919598e-04 1.254031175099e-13 1.356783919598e-04 9.720000050114e-01
1.407035175879e-04 2.799999308037e-02 1.407035175879e-04 2.186391521661e-13 1.407035175879e-04 9.720000069194e-01
1.457286432161e-04 2.799999048070e-02 1.457286432161e-04 3.787854768640e-13 1.457286432161e-04 9.720000095189e-01
1.507537688442e-04 2.799998695233e-02 1.507537688442e-04 6.520872053423e-13 1.507537688442e-04 9.720000130470e-01
1.557788944724e-04 2.799998218160e-02 1.557788944724e-04 1.115491443707e-12 1.557788944724e-04 9.720000178173e-01
1.608040201005e-04 2.799997575551e-02 1.608040201005e-04 1.896165678792e-12 1.608040201005e-04 9.720000242426e-01
1.658291457286e-04 2.799996713244e-02 1.658291457286e-04 3.202853710416e-12 1.658291457286e-04 9.720000328644e-01
1.708542713568e-04 2.799995560510e-02 1.708542713568e-04 5.375886115536e-12 1.708542713568e-04 9.720000443895e-01
1.758793969849e-04 2.799994025369e-02 1.758793969849e-04 8.966367796580e-12 1.758793969849e-04 9.720000597373e-01
1.809045226131e-04 2.799991988700e-02 1.809045226131e-04 1.486065714412e-11 1.809045226131e-04 9.720000800981e-01
1.859296482412e-04 2.799989296889e-02 1.859296482412e-04 2.447461936959e-11 1.859296482412e-04 9.720001070066e-01
1.909547738693e-04 2.799985752665e-02 1.909547738693e-04 4.005455273820e-11 1.909547738693e-04 9.720001424333e-01
1.959798994975e-04 2.799981103767e-02 1.959798994975e-04 6.513995129567e-11 1.959798994975e-04 9.720001888972e-01
2.010050251256e-04 2.799975028977e-02 2.010050251256e-04 1.052699033115e-10 2.010050251256e-04 9.720002496050e-01
2.060301507538e-04 2.799967121009e-02 2.060301507538e-04 1.690534260150e-10 2.060301507538e-04 9.720003286209e-01
2.110552763819e-04 2.799956865650e-02 2.110552763819e-04 2.697791942293e-10 2.110552763819e-04 9.720004310737e-01
2.160804020101e-04 2.799943616465e-02 2.160804020101e-04 4.278184232014e-10 2.160804020101e-04 9.720005634075e-01
2.211055276382e-04 2.799926564289e-02 2.211055276382e-04 6.741848037930e-10 2.211055276382e-04 9.720007336829e-01
2.261306532663e-04 2.799904700630e-02 2.261306532663e-04 1.055768852725e-09 2.261306532663e-04 9.720009519379e-01
2.311557788945e-04 2.799876774021e-02 2.311557788945e-04 1.642975831799e-09 2.311557788945e-04 9.720012306168e-01
2.361809045226e-04 2.799841238235e-02 2.361809045226e-04 2.540785822320e-09 2.361809045226e-04 9.720015850769e-01
2.412060301508e-04 2.799796191223e-02 2.412060301508e-04 3.904646122009e-09 2.412060301508e-04 9.720020341831e-01
2.462311557789e-04 2.799739303519e-02 2.462311557789e-04 5.963130479187e-09 2.462311557789e-04 9.720026010017e-01
2.512562814070e-04 2.799667734811e-02 2.512562814070e-04 9.049994394471e-09 2.512562814070e-04 9.720033136019e-01
2.562814070352e-04 2.799578037319e-02 2.562814070352e-04 1.364916613340e-08 2.562814070352e-04 9.720042059776e-01
2.613065326633e-04 2.799466044605e-02 2.613065326633e-04 2.045739270777e-08 2.613065326633e-04 9.720053190966e-01
2.663316582915e-04 2.799326744452e-02 2.663316582915e-04 3.047077056479e-08 2.663316582915e-04 9.720067020847e-01
2.713567839196e-04 2.799154134525e-02 2.713567839196e-04 4.510330113521e-08 2.713567839196e-04 9.720084135515e-01
2.763819095477e-04 2.798941059623e-02 2.763819095477e-04 6.634799645838e-08 2.763819095477e-04 9.720105230558e-01
2.814070351759e-04 2.798679029527e-02 2.814070351759e-04 9.699399707980e-08 2.814070351759e-04 9.720131127107e-01
2.864321608040e-04 2.798358016686e-02 2.864321608040e-04 1.409167282504e-07 2.864321608040e-04 9.720162789164e-01
2.914572864322e-04 2.797966233325e-02 2.914572864322e-04 2.034623769319e-07 2.914572864322e-04 9.720201342044e-01
2.964824120603e-04 2.797489887984e-02 2.964824120603e-04 2.919529683919e-07 2.964824120603e-04 9.720248091672e-01
3.015075376884e-04 2.796912922003e-02 3.015075376884e-04 4.163440740223e-07 3.015075376884e-04 9.720304544359e-01
3.065326633166e-04 2.796216727092e-02 3.065326633166e-04 5.900736628269e-07 3.065326633166e-04 9.720372426554e-01
3.115577889447e-04 2.795379845849e-02 3.115577889447e-04 8.311477269395e-07 3.115577889447e-04 9.720453703938e-01
3.165829145729e-04 2.794377657902e-02 3.165829145729e-04 1.163515893505e-06 3.165829145729e-04 9.720550599051e-01
3.216080402010e-04 2.793182055254e-02 3.216080402010e-04 1.618798006280e-06 3.216080402010e-04 9.720665606495e-01
3.266331658291e-04 2.791761111415e-02 3.266331658291e-04 2.238430222111e-06 3.266331658291e-04 9.720801504556e-01
3.316582914573e-04 2.790078749956e-02 3.316582914573e-04 3.076305981692e-06 3.316582914573e-04 9.720961361945e-01
3.366834170854e-04 2.788094419219e-02 3.366834170854e-04 4.201992586669e-06 3.366834170854e-04 9.721148538152e-01
3.417085427136e-04 2.785762781025e-02 3.417085427136e-04 5.704607193182e-06 3.417085427136e-04 9.721366675826e-01
3.467336683417e-04 2.783033422334e-02 3.467336683417e-04 7.697435806227e-06 3.467336683417e-04 9.721619683409e-01
3.517587939698e-04 2.779850599833e-02 3.517587939698e-04 1.032337418459e-05 3.517587939698e-04 9.721911706275e-01
3.567839195980e-04 2.776153028363e-02 3.567839195980e-04 1.376125920292e-05 3.567839195980e-04 9.722247084572e-01
3.618090452261e-04 2.771873724881e-02 3.618090452261e-04 1.823314188176e-05 3.618090452261e-04 9.722630296093e-01
3.668341708543e-04 2.766939920242e-02 3.668341708543e-04 2.401252775558e-05 3.668341708543e-04 9.723065882698e-01
3.718592964824e-04 2.761273051371e-02 3.718592964824e-04 3.143357540884e-05 3.718592964824e-04 9.723558359109e-01
3.768844221106e-04 2.754788846473e-02 3.768844221106e-04 4.090119906752e-05 3.768844221106e-04 9.724112103362e-01
3.819095477387e-04 2.747397515519e-02 3.819095477387e-04 5.290196568487e-05 3.819095477387e-04 9.724731228791e-01
3.869346733668e-04 2.739004057552e-02 3.869346733668e-04 6.801561120011e-05 3.869346733668e-04 9.725419438133e-01
3.919597989950e-04 2.729508695179e-02 3.919597989950e-04 8.692692547337e-05 3.919597989950e-04 9.726179861227e-01
3.969849246231e-04 2.718807444951e-02 3.969849246231e-04 1.104376726089e-04 3.969849246231e-04 9.727014878779e-01
4.020100502513e-04 2.706792830256e-02 4.020100502513e-04 1.394781256980e-04 4.020100502513e-04 9.727925935717e-01
4.070351758794e-04 2.693354740783e-02 4.070351758794e-04 1.751177062622e-04 4.070351758794e-04 9.728913348859e-01
4.120603015075e-04 2.678381439559e-02 4.120603015075e-04 2.185741336730e-04 4.120603015075e-04 9.729976114707e-01
4.170854271357e-04 2.661760715198e-02 4.170854271357e-04 2.712204143162e-04 4.170854271357e-04 9.731111724337e-01
4.221105527638e-04 2.643381173183e-02 4.221105527638e-04 3.345889408501e-04 4.221105527638e-04 9.732315993273e-01
4.271356783920e-04 2.623133656010e-02 4.271356783920e-04 4.103719355004e-04 4.271356783920e-04 9.733582915044e-01
4.321608040201e-04 2.600912777795e-02 4.321608040201e-04 5.004174651277e-04 4.321608040201e-04 9.734904547569e-01
4.371859296482e-04 2.576618554726e-02 4.371859296482e-04 6.067202863941e-04 4.371859296482e-04 9.736270941663e-01
4.422110552764e-04 2.550158108539e-02 4.422110552764e-04 7.314068526284e-04 4.422110552764e-04 9.737670120620e-01
4.472361809045e-04 2.521447416288e-02 4.472361809045e-04 8.767139339591e-04 4.472361809045e-04 9.739088119032e-01
4.522613065327e-04 2.490413076023e-02 4.522613065327e-04 1.044960471210e-03 4.522613065327e-04 9.740509087686e-01
4.572864321608e-04 2.456994054999e-02 4.572864321608e-04 1.238512501079e-03 4.572864321608e-04 9.741915469489e-01
4.623115577889e-04 2.421143384520e-02 4.623115577889e-04 1.459741251780e-03 4.623115577889e-04 9.743288249030e-01
4.673366834171e-04 2.382829763986e-02 4.673366834171e-04 1.710974807099e-03 4.673366834171e-04 9.744607275530e-01
4.723618090452e-04 2.342039035868e-02 4.723618090452e-04 1.994444062409e-03 4.723618090452e-04 9.745851655789e-01
4.773869346734e-04 2.298775493684e-02 4.773869346734e-04 2.312224034431e-03 4.773869346734e-04 9.747000210287e-01
4.824120603015e-04 2.253062986293e-02 4.824120603015e-04 2.666171920944e-03 4.824120603015e-04 9.748031982161e-01
4.874371859296e-04 2.204945784264e-02 4.874371859296e-04 3.057863618127e-03 4.874371859296e-04 9.748926785392e-01
4.924623115578e-04 2.154489177532e-02 4.924623115578e-04 3.488530672176e-03 4.924623115578e-04 9.749665775525e-01
4.974874371859e-04 2.101779778123e-02 4.974874371859e-04 3.958999848421e-03 4.974874371859e-04 9.750232023703e-01
5.025125628141e-04 2.046925507107e-02 5.025125628141e-04 4.469637626946e-03 5.025125628141e-04 9.750611073020e-01
5.075376884422e-04 1.990055251429e-02 5.075376884422e-04 5.020301963913e-03 5.075376884422e-04 9.750791455218e-01
5.125628140704e-04 1.931318183094e-02 5.125628140704e-04 5.610303580406e-03 5.125628140704e-04 9.750765145887e-01
5.175879396985e-04 1.870882740815e-02 5.175879396985e-04 6.238378850912e-03 5.175879396985e-04 9.750527937409e-01
5.226130653266e-04 1.808935281975e-02 5.226130653266e-04 6.902676061072e-03 5.226130653266e-04 9.750079711192e-01
5.276381909548e-04 1.745678420607e-02 5.276381909548e-04 7.600756397633e-03 5.276381909548e-04 9.749424593963e-01
5.326633165829e-04 1.681329074781e-02 5.326633165829e-04 8.329610535235e-03 5.326633165829e-04 9.748570987170e-01
5.376884422111e-04 1.616116254073e-02 5.376884422111e-04 9.085691116767e-03 5.376884422111e-04 9.747531463425e-01
5.427135678392e-04 1.550278624259e-02 5.427135678392e-04 9.864960811143e-03 5.427135678392e-04 9.746322529463e-01
5.477386934673e-04 1.484061892361e-02 5.477386934673e-04 1.066295500574e-02 5.477386934673e-04 9.744964260707e-01
5.527638190955e-04 1.417716059523e-02 5.527638190955e-04 1.147485758107e-02 5.527638190955e-04 9.743479818237e-01
5.577889447236e-04 1.351492592998e-02 5.577889447236e-04 1.229558765641e-02 5.577889447236e-04 9.741894864136e-01
5.628140703518e-04 1.285641570372e-02 5.628140703518e-04 1.311989471700e-02 5.628140703518e-04 9.740236895793e-01
5.678391959799e-04 1.220408850078e-02 5.678391959799e-04 1.394245916228e-02 5.678391959799e-04 9.738534523369e-01
5.728643216080e-04 1.156033321458e-02 5.728643216080e-04 1.475799507351e-02 5.728643216080e-04 9.736816717119e-01
5.778894472362e-04 1.092744285605e-02 5.778894472362e-04 1.556135189847e-02 5.778894472362e-04 9.735112052455e-01
5.829145728643e-04 1.030759014664e-02 5.829145728643e-04 1.634761180058e-02 5.829145728643e-04 9.733447980528e-01
5.879396984925e-04 9.702805328222e-03 5.879396984925e-04 1.711217961265e-02 5.879396984925e-04 9.731850150591e-01
5.929648241206e-04 9.114956562807e-03 5.929648241206e-04 1.785086266506e-02 5.929648241206e-04 9.730341807721e-01
5.979899497487e-04 8.545733231166e-03 5.979899497487e-04 1.855993820096e-02 5.979899497487e-04 9.728943285679e-01
6.030150753769e-04 7.996632365998e-03 6.030150753769e-04 1.923620662602e-02 6.030150753769e-04 9.727671610080e-01
6.080402010050e-04 7.468948378357e-03 6.080402010050e-04 1.987702943537e-02 6.080402010050e-04 9.726540221863e-01
6.130653266332e-04 6.963766159069e-03 6.130653266332e-04 2.048035128579e-02 6.130653266332e-04 9.725558825551e-01
6.180904522613e-04 6.481957556747e-03 6.180904522613e-04 2.104470630138e-02 6.180904522613e-04 9.724733361419e-01
6.231155778894e-04 6.024181160696e-03 6.231155778894e-04 2.156920928820e-02 6.231155778894e-04 9.724066095511e-01
6.281407035176e-04 5.590885245944e-03 6.281407035176e-04 2.205353305801e-02 6.281407035176e-04 9.723555816961e-01
6.331658291457e-04 5.182313673779e-03 6.331658291457e-04 2.249787350140e-02 6.331658291457e-04 9.723198128248e-01
6.381909547739e-04 4.798514487340e-03 6.381909547739e-04 2.290290439085e-02 6.381909547739e-04 9.722985811218e-01
6.432160804020e-04 4.439350895215e-03 6.432160804020e-04 2.326972412254e-02 6.432160804020e-04 9.722909249822e-01
6.482412060302e-04 4.104514301050e-03 6.482412060302e-04 2.359979672202e-02 6.482412060302e-04 9.722956889769e-01
6.532663316583e-04 3.793539013761e-03 6.532663316583e-04 2.389488944465e-02 6.532663316583e-04 9.723115715416e-01
6.582914572864e-04 3.505818258079e-03 6.582914572864e-04 2.415700920758e-02 6.582914572864e-04 9.723371725343e-01
6.633165829146e-04 3.240621103846e-03 6.633165829146e-04 2.438833990902e-02 6.633165829146e-04 9.723710389871e-01
6.683417085427e-04 2.997109938444e-03 6.683417085427e-04 2.459118244142e-02 6.683417085427e-04 9.724117076201e-01
6.733668341709e-04 2.774358123398e-03 6.733668341709e-04 2.476789890582e-02 6.733668341709e-04 9.724577429708e-01
6.783919597990e-04 2.571367500480e-03 6.783919597990e-04 2.492086220590e-02 6.783919597990e-04 9.725077702936e-01
6.834170854271e-04 2.387085442478e-03 6.834170854271e-04 2.505241186166e-02 6.834170854271e-04 9.725605026959e-01
6.884422110553e-04 2.220421180474e-03 6.884422110553e-04 2.516481655049e-02 6.884422110553e-04 9.726147622690e-01
6.934673366834e-04 2.070261178294e-03 6.934673366834e-04 2.526024357440e-02 6.934673366834e-04 9.726694952473e-01
6.984924623116e-04 1.935483366582e-03 6.984924623116e-04 2.534073517653e-02 6.984924623116e-04 9.727237814569e-01
7.035175879397e-04 1.814970091773e-03 7.035175879397e-04 2.540819139692e-02 7.035175879397e-04 9.727768385113e-01
7.085427135678e-04 1.707619676753e-03 7.085427135678e-04 2.546435897214e-02 7.085427135678e-04 9.728280213511e-01
7.135678391960e-04 1.612356530707e-03 7.135678391960e-04 2.551082564608e-02 7.135678391960e-04 9.728768178232e-01
7.185929648241e-04 1.528139783274e-03 7.185929648241e-04 2.554901917066e-02 7.185929648241e-04 9.729228410461e-01
7.236180904523e-04 1.453970452364e-03 7.236180904523e-04 2.558021023020e-02 7.236180904523e-04 9.729658193174e-01
7.286432160804e-04 1.388897185454e-03 7.286432160804e-04 2.560551851755e-02 7.286432160804e-04 9.730055842970e-01
7.336683417085e-04 1.332020639823e-03 7.336683417085e-04 2.562592121665e-02 7.336683417085e-04 9.730420581435e-01
7.386934673367e-04 1.282496588425e-03 7.386934673367e-04 2.564226319878e-02 7.386934673367e-04 9.730752402128e-01
7.437185929648e-04 1.239537854677e-03 7.437185929648e-04 2.565526831015e-02 7.437185929648e-04 9.731051938352e-01
7.487437185930e-04 1.202415191077e-03 7.487437185930e-04 2.566555121125e-02 7.487437185930e-04 9.731320335977e-01
7.537688442211e-04 1.170457224348e-03 7.537688442211e-04 2.567362931599e-02 7.537688442211e-04 9.731559134597e-01
7.587939698492e-04 1.143049593078e-03 7.587939698492e-04 2.567993446767e-02 7.587939698492e-04 9.731770159393e-01
7.638190954774e-04 1.119633403928e-03 7.638190954774e-04 2.568482407332e-02 7.638190954774e-04 9.731955425228e-01
7.688442211055e-04 1.099703129239e-03 7.688442211055e-04 2.568859149617e-02 7.688442211055e-04 9.732117053746e-01
7.738693467337e-04 1.082804063194e-03 7.738693467337e-04 2.569147557507e-02 7.738693467337e-04 9.732257203617e-01
7.788944723618e-04 1.068529445878e-03 7.788944723618e-04 2.569366919885e-02 7.788944723618e-04 9.732378013553e-01
7.839195979899e-04 1.056517355335e-03 7.839195979899e-04 2.569532691202e-02 7.839195979899e-04 9.732481557326e-01
7.889447236181e-04 1.046447457323e-03 7.889447236181e-04 2.569657156667e-02 7.889447236181e-04 9.732569809760e-01
7.939698492462e-04 1.038037691575e-03 7.939698492462e-04 2.569750006384e-02 7.939698492462e-04 9.732644622446e-01
7.989949748744e-04 1.031040962178e-03 7.989949748744e-04 2.569818824778e-02 7.989949748744e-04 9.732707707900e-01
8.040201005025e-04 1.025241888746e-03 8.040201005025e-04 2.569869502924e-02 8.040201005025e-04 9.732760630820e-01
8.090452261307e-04 1.020453664399e-03 8.090452261307e-04 2.569906582021e-02 8.090452261307e-04 9.732804805154e-01
8.140703517588e-04 1.016515056707e-03 8.140703517588e-04 2.569933536428e-02 8.140703517588e-04 9.732841495790e-01
8.190954773869e-04 1.013287578557e-03 8.190954773869e-04 2.569953004489e-02 8.190954773869e-04 9.732871823766e-01
8.241206030151e-04 1.010652847757e-03 8.241206030151e-04 2.569966974856e-02 8.241206030151e-04 9.732896774037e-01
8.291457286432e-04 1.008510146927e-03 8.291457286432e-04 2.569976935448e-02 8.291457286432e-04 9.732917204986e-01
8.341708542714e-04 1.006774189066e-03 8.341708542714e-04 2.569983991386e-02 8.341708542714e-04 9.732933858971e-01
8.391959798995e-04 1.005373088943e-03 8.391959798995e-04 2.569988957499e-02 8.391959798995e-04 9.732947373361e-01
8.442211055276e-04 1.004246536237e-03 8.442211055276e-04 2.569992430226e-02 8.442211055276e-04 9.732958291615e-01
8.492462311558e-04 1.003344162990e-03 8.492462311558e-04 2.569994843002e-02 8.492462311558e-04 9.732967074070e-01
8.542713567839e-04 1.002624095410e-03 8.542713567839e-04 2.569996508543e-02 8.542713567839e-04 9.732974108192e-01
8.592964824121e-04 1.002051678234e-03 8.592964824121e-04 2.569997650859e-02 8.592964824121e-04 9.732979718132e-01
8.643216080402e-04 1.001598358728e-03 8.643216080402e-04 2.569998429271e-02 8.643216080402e-04 9.732984173486e-01
8.693467336683e-04 1.001240716734e-03 8.693467336683e-04 2.569998956287e-02 8.693467336683e-04 9.732987697204e-01
8.743718592965e-04 1.000959627016e-03 8.743718592965e-04 2.569999310800e-02 8.743718592965e-04 9.732990472650e-01
8.793969849246e-04 1.000739540334e-03 8.793969849246e-04 2.569999547736e-02 8.793969849246e-04 9.732992649823e-01
8.844221105528e-04 1.000567870132e-03 8.844221105528e-04 2.569999705071e-02 8.844221105528e-04 9.732994350792e-01
8.894472361809e-04 1.000434472406e-03 8.894472361809e-04 2.569999808873e-02 8.894472361809e-04 9.732995674389e-01
8.944723618090e-04 1.000331207137e-03 8.944723618090e-04 2.569999876916e-02 8.944723618090e-04 9.732996700237e-01
8.994974874372e-04 1.000251570578e-03 8.994974874372e-04 2.569999921231e-02 8.994974874372e-04 9.732997492171e-01
9.045226130653e-04 1.000190388665e-03 9.045226130653e-04 2.569999949907e-02 9.045226130653e-04 9.732998101123e-01
9.095477386935e-04 1.000143562784e-03 9.095477386935e-04 2.569999968343e-02 9.095477386935e-04 9.732998567538e-01
9.145728643216e-04 1.000107860071e-03 9.145728643216e-04 2.569999980119e-02 9.145728643216e-04 9.732998923387e-01
9.195979899497e-04 1.000080741373e-03 9.195979899497e-04 2.569999987593e-02 9.195979899497e-04 9.732999193827e-01
9.246231155779e-04 1.000060220833e-03 9.246231155779e-04 2.569999992306e-02 9.246231155779e-04 9.732999398561e-01
9.296482412060e-04 1.000044751873e-03 9.296482412060e-04 2.569999995259e-02 9.296482412060e-04 9.732999552955e-01
9.346733668342e-04 1.000033135093e-03 9.346733668342e-04 2.569999997097e-02 9.346733668342e-04 9.732999668939e-01
9.396984924623e-04 1.000024444232e-03 9.396984924623e-04 2.569999998233e-02 9.396984924623e-04 9.732999755734e-01
9.447236180905e-04 1.000017966960e-03 9.447236180905e-04 2.569999998932e-02 9.447236180905e-04 9.732999820437e-01
9.497487437186e-04 1.000013157749e-03 9.497487437186e-04 2.569999999358e-02 9.497487437186e-04 9.732999868487e-01
9.547738693467e-04 1.000009600551e-03 9.547738693467e-04 2.569999999617e-02 9.547738693467e-04 9.732999904033e-01
9.597989949749e-04 1.000006979387e-03 9.597989949749e-04 2.569999999773e-02 9.597989949749e-04 9.732999930229e-01
9.648241206030e-04 1.000005055262e-03 9.648241206030e-04 2.569999999866e-02 9.648241206030e-04 9.732999949461e-01
9.698492462312e-04 1.000003648165e-03 9.698492462312e-04 2.569999999921e-02 9.698492462312e-04 9.732999963526e-01
9.748743718593e-04 1.000002623061e-03 9.748743718593e-04 2.569999999954e-02 9.748743718593e-04 9.732999973774e-01
9.798994974874e-04 1.000001879077e-03 9.798994974874e-04 2.569999999974e-02 9.798994974874e-04 9.732999981212e-01
9.849246231156e-04 1.000001341165e-03 9.849246231156e-04 2.569999999985e-02 9.849246231156e-04 9.732999986590e-01
9.899497487437e-04 1.000000953718e-03 9.899497487437e-04 2.569999999991e-02 9.899497487437e-04 9.732999990464e-01
9.949748743719e-04 1.000000675705e-03 9.949748743719e-04 2.569999999995e-02 9.949748743719e-04 9.732999993243e-01
1.000000000000e-03 1.000000476972e-03 1.000000000000e-03 2.569999999997e-02 1.000000000000e-03 9.732999995231e-01
