0.000000000000e+00 3.879992165258e-02 0.000000000000e+00 1.699999999998e-02 0.000000000000e+00 9.442000783474e-01
4.020100502513e-06 3.879990507460e-02 4.020100502513e-06 1.699999999998e-02 4.020100502513e-06 9.442000949254e-01
8.040201005025e-06 3.879988516630e-02 8.040201005025e-06 1.699999999996e-02 8.040201005025e-06 9.442001148337e-01
1.206030150754e-05 3.879986129703e-02 1.206030150754e-05 1.699999999994e-02 1.206030150754e-05 9.442001387030e-01
1.608040201005e-05 3.879983272458e-02 1.608040201005e-05 1.699999999991e-02 1.608040201005e-05 9.442001672755e-01
2.010050251256e-05 3.879979857713e-02 2.010050251256e-05 1.699999999987e-02 2.010050251256e-05 9.442002014230e-01
2.412060301508e-05 3.879975783234e-02 2.412060301508e-05 1.699999999980e-02 2.412060301508e-05 9.442002421679e-01
2.814070351759e-05 3.879970929357e-02 2.814070351759e-05 1.699999999970e-02 2.814070351759e-05 9.442002907067e-01
3.216080402010e-05 3.879965156269e-02 3.216080402010e-05 1.699999999954e-02 3.216080402010e-05 9.442003484378e-01
3.618090452261e-05 3.879958300906e-02 3.618090452261e-05 1.699999999932e-02 3.618090452261e-05 9.442004169916e-01
4.020100502513e-05 3.879950173432e-02 4.020100502513e-05 1.699999999898e-02 4.020100502513e-05 9.442004982667e-01
4.422110552764e-05 3.879940553243e-02 4.422110552764e-05 1.699999999848e-02 4.422110552764e-05 9.442005944691e-01
4.824120603015e-05 3.879929184448e-02 4.824120603015e-05 1.699999999775e-02 4.824120603015e-05 9.442007081578e-01
5.226130653266e-05 3.879915770763e-02 5.226130653266e-05 1.699999999667e-02 5.226130653266e-05 9.442008422957e-01
5.628140703518e-05 3.879899969761e-02 5.628140703518e-05 1.699999999509e-02 5.628140703518e-05 9.442010003073e-01
6.030150753769e-05 3.879881386412e-02 6.030150753769e-05 1.699999999279e-02 6.030150753769e-05 9.442011861431e-01
6.432160804020e-05 3.879859565838e-02 6.432160804020e-05 1.699999998946e-02 6.432160804020e-05 9.442014043522e-01
6.834170854271e-05 3.879833985209e-02 6.834170854271e-05 1.699999998464e-02 6.834170854271e-05 9.442016601633e-01
7.236180904523e-05 3.879804044705e-02 7.236180904523e-05 1.699999997770e-02 7.236180904523e-05 9.442019595752e-01
7.638190954774e-05 3.879769057453e-02 7.638190954774e-05 1.699999996774e-02 7.638190954774e-05 9.442023094577e-01
8.040201005025e-05 3.879728238356e-02 8.040201005025e-05 1.699999995349e-02 8.040201005025e-05 9.442027176630e-01
8.442211055276e-05 3.879680691718e-02 8.442211055276e-05 1.699999993319e-02 8.442211055276e-05 9.442031931496e-01
8.844221105528e-05 3.879625397584e-02 8.844221105528e-05 1.699999990437e-02 8.844221105528e-05 9.442037461198e-01
9.246231155779e-05 3.879561196678e-02 9.246231155779e-05 1.699999986361e-02 9.246231155779e-05 9.442043881696e-01
9.648241206030e-05 3.879486773862e-02 9.648241206030e-05 1.699999980618e-02 9.648241206030e-05 9.442051324552e-01
1.005025125628e-04 3.879400640008e-02 1.005025125628e-04 1.699999972556e-02 1.005025125628e-04 9.442059938744e-01
1.045226130653e-04 3.879301112185e-02 1.045226130653e-04 1.699999961278e-02 1.045226130653e-04 9.442069892654e-01
1.085427135678e-04 3.879186292072e-02 1.085427135678e-04 1.699999945561e-02 1.085427135678e-04 9.442081376237e-01
1.125628140704e-04 3.879054042499e-02 1.125628140704e-04 1.699999923739e-02 1.125628140704e-04 9.442094603376e-01
1.165829145729e-04 3.878901962035e-02 1.165829145729e-04 1.699999893550e-02 1.165829145729e-04 9.442109814441e-01
1.206030150754e-04 3.878727357540e-02 1.206030150754e-04 1.699999851942e-02 1.206030150754e-04 9.442127279052e-01
1.246231155779e-04 3.878527214607e-02 1.246231155779e-04 1.699999794805e-02 1.246231155779e-04 9.442147299059e-01
1.286432160804e-04 3.878298165852e-02 1.286432160804e-04 1.699999716632e-02 1.286432160804e-04 9.442170211752e-01
1.326633165829e-04 3.878036456973e-02 1.326633165829e-04 1.699999610073e-02 1.326633165829e-04 9.442196393295e-01
1.366834170854e-04 3.877737910585e-02 1.366834170854e-04 1.699999465354e-02 1.366834170854e-04 9.442226262406e-01
1.407035175879e-04 3.877397887796e-02 1.407035175879e-04 1.699999269532e-02 1.407035175879e-04 9.442260284267e-01
1.447236180905e-04 3.877011247535e-02 1.447236180905e-04 1.699999005537e-02 1.447236180905e-04 9.442298974693e-01
1.487437185930e-04 3.876572303689e-02 1.487437185930e-04 1.699998650945e-02 1.487437185930e-04 9.442342904537e-01
1.527638190955e-04 3.876074780075e-02 1.527638190955e-04 1.699998176416e-02 1.527638190955e-04 9.442392704351e-01
1.567839195980e-04 3.875511763379e-02 1.567839195980e-04 1.699997543720e-02 1.567839195980e-04 9.442449069290e-01
1.608040201005e-04 3.874875654157e-02 1.608040201005e-04 1.699996703240e-02 1.608040201005e-04 9.442512764260e-01
1.648241206030e-04 3.874158116080e-02 1.648241206030e-04 1.699995590846e-02 1.648241206030e-04 9.442584629307e-01
1.688442211055e-04 3.873350023618e-02 1.688442211055e-04 1.699994123984e-02 1.688442211055e-04 9.442665585240e-01
1.728643216080e-04 3.872441408411e-02 1.728643216080e-04 1.699992196816e-02 1.728643216080e-04 9.442756639477e-01
1.768844221106e-04 3.871421404613e-02 1.768844221106e-04 1.699989674213e-02 1.768844221106e-04 9.442858892117e-01
1.809045226131e-04 3.870278193547e-02 1.809045226131e-04 1.699986384349e-02 1.809045226131e-04 9.442973542210e-01
1.849246231156e-04 3.868998948063e-02 1.849246231156e-04 1.699982109644e-02 1.849246231156e-04 9.443101894229e-01
1.889447236181e-04 3.867569777021e-02 1.889447236181e-04 1.699976575711e-02 1.889447236181e-04 9.443245364727e-01
1.929648241206e-04 3.865975670398e-02 1.929648241206e-04 1.699969437968e-02 1.929648241206e-04 9.443405489163e-01
1.969849246231e-04 3.864200445558e-02 1.969849246231e-04 1.699960265475e-02 1.969849246231e-04 9.443583928897e-01
2.010050251256e-04 3.862226695256e-02 2.010050251256e-04 1.699948521551e-02 2.010050251256e-04 9.443782478319e-01
2.050251256281e-04 3.860035738051e-02 2.050251256281e-04 1.699933540632e-02 2.050251256281e-04 9.444003072132e-01
2.090452261307e-04 3.857607571777e-02 2.090452261307e-04 1.699914500802e-02 2.090452261307e-04 9.444247792742e-01
2.130653266332e-04 3.854920830837e-02 2.130653266332e-04 1.699890391364e-02 2.130653266332e-04 9.444518877780e-01
2.170854271357e-04 3.851952748080e-02 2.170854271357e-04 1.699859974779e-02 2.170854271357e-04 9.444818727714e-01
2.211055276382e-04 3.848679122079e-02 2.211055276382e-04 1.699821742231e-02 2.211055276382e-04 9.445149913569e-01
2.251256281407e-04 3.845074290662e-02 2.251256281407e-04 1.699773862092e-02 2.251256281407e-04 9.445515184725e-01
2.291457286432e-04 3.841111111555e-02 2.291457286432e-04 1.699714120478e-02 2.291457286432e-04 9.445917476797e-01
2.331658291457e-04 3.836760951034e-02 2.331658291457e-04 1.699639853134e-02 2.331658291457e-04 9.446359919583e-01
2.371859296482e-04 3.831993681488e-02 2.371859296482e-04 1.699547867878e-02 2.371859296482e-04 9.446845845063e-01
2.412060301508e-04 3.826777688774e-02 2.412060301508e-04 1.699434356883e-02 2.412060301508e-04 9.447378795434e-01
2.452261306533e-04 3.821079890274e-02 2.452261306533e-04 1.699294798145e-02 2.452261306533e-04 9.447962531158e-01
2.492462311558e-04 3.814865764495e-02 2.492462311558e-04 1.699123845620e-02 2.492462311558e-04 9.448601038988e-01
2.532663316583e-04 3.808099393052e-02 2.532663316583e-04 1.698915207626e-02 2.532663316583e-04 9.449298539932e-01
2.572864321608e-04 3.800743515810e-02 2.572864321608e-04 1.698661513356e-02 2.572864321608e-04 9.450059497083e-01
2.613065326633e-04 3.792759599913e-02 2.613065326633e-04 1.698354167536e-02 2.613065326633e-04 9.450888623255e-01
2.653266331658e-04 3.784107923327e-02 2.653266331658e-04 1.697983193642e-02 2.653266331658e-04 9.451790888303e-01
2.693467336683e-04 3.774747673465e-02 2.693467336683e-04 1.697537066367e-02 2.693467336683e-04 9.452771526017e-01
2.733668341709e-04 3.764637061336e-02 2.733668341709e-04 1.697002534515e-02 2.733668341709e-04 9.453836040415e-01
2.773869346734e-04 3.753733451555e-02 2.773869346734e-04 1.696364435917e-02 2.773869346734e-04 9.454990211253e-01
2.814070351759e-04 3.741993508411e-02 2.814070351759e-04 1.695605506513e-02 2.814070351759e-04 9.456240098508e-01
2.854271356784e-04 3.729373358052e-02 2.854271356784e-04 1.694706186296e-02 2.854271356784e-04 9.457592045565e-01
2.894472361809e-04 3.715828766678e-02 2.894472361809e-04 1.693644425412e-02 2.894472361809e-04 9.459052680791e-01
2.934673366834e-04 3.701315334493e-02 2.934673366834e-04 1.692395494328e-02 2.934673366834e-04 9.460628917118e-01
2.974874371859e-04 3.685788704948e-02 2.974874371859e-04 1.690931802612e-02 2.974874371859e-04 9.462327949244e-01
3.015075376884e-04 3.669204788660e-02 3.015075376884e-04 1.689222731461e-02 3.015075376884e-04 9.464157247988e-01
3.055276381910e-04 3.651520001186e-02 3.055276381910e-04 1.687234485725e-02 3.055276381910e-04 9.466124551309e-01
3.095477386935e-04 3.632691513624e-02 3.095477386935e-04 1.684929971654e-02 3.095477386935e-04 9.468237851472e-01
3.135678391960e-04 3.612677514838e-02 3.135678391960e-04 1.682268707057e-02 3.135678391960e-04 9.470505377810e-01
3.175879396985e-04 3.591437483906e-02 3.175879396985e-04 1.679206770860e-02 3.175879396985e-04 9.472935574523e-01
3.216080402010e-04 3.568932471161e-02 3.216080402010e-04 1.675696799237e-02 3.216080402010e-04 9.475537072960e-01
3.256281407035e-04 3.545125386077e-02 3.256281407035e-04 1.671688035494e-02 3.256281407035e-04 9.478318657843e-01
3.296482412060e-04 3.519981290000e-02 3.296482412060e-04 1.667126440679e-02 3.296482412060e-04 9.481289226932e-01
3.336683417085e-04 3.493467691623e-02 3.336683417085e-04 1.661954871494e-02 3.336683417085e-04 9.484457743688e-01
3.376884422111e-04 3.465554842901e-02 3.376884422111e-04 1.656113331428e-02 3.376884422111e-04 9.487833182567e-01
3.417085427136e-04 3.436216033021e-02 3.417085427136e-04 1.649539300109e-02 3.417085427136e-04 9.491424466687e-01
3.457286432161e-04 3.405427877876e-02 3.457286432161e-04 1.642168144732e-02 3.457286432161e-04 9.495240397739e-01
3.497487437186e-04 3.373170602449e-02 3.497487437186e-04 1.633933615963e-02 3.497487437186e-04 9.499289578159e-01
3.537688442211e-04 3.339428313432e-02 3.537688442211e-04 1.624768429084e-02 3.537688442211e-04 9.503580325748e-01
3.577889447236e-04 3.304189259353e-02 3.577889447236e-04 1.614604929202e-02 3.577889447236e-04 9.508120581144e-01
3.618090452261e-04 3.267446075506e-02 3.618090452261e-04 1.603375837294e-02 3.618090452261e-04 9.512917808720e-01
3.658291457286e-04 3.229196010990e-02 3.658291457286e-04 1.591015071582e-02 3.658291457286e-04 9.517978891743e-01
3.698492462312e-04 3.189441135212e-02 3.698492462312e-04 1.577458636417e-02 3.698492462312e-04 9.523310022837e-01
3.738693467337e-04 3.148188521314e-02 3.738693467337e-04 1.562645568426e-02 3.738693467337e-04 9.528916591026e-01
3.778894472362e-04 3.105450404097e-02 3.778894472362e-04 1.546518927375e-02 3.778894472362e-04 9.534803066853e-01
3.819095477387e-04 3.061244310160e-02 3.819095477387e-04 1.529026816922e-02 3.819095477387e-04 9.540972887292e-01
3.859296482412e-04 3.015593158185e-02 3.859296482412e-04 1.510123418372e-02 3.859296482412e-04 9.547428342344e-01
3.899497487437e-04 2.968525327495e-02 3.899497487437e-04 1.489770018774e-02 3.899497487437e-04 9.554170465373e-01
3.939698492462e-04 2.920074693253e-02 3.939698492462e-04 1.467936013252e-02 3.939698492462e-04 9.561198929349e-01
3.979899497487e-04 2.870280626970e-02 3.979899497487e-04 1.444599860396e-02 3.979899497487e-04 9.568511951263e-01
4.020100502513e-04 2.819187961263e-02 4.020100502513e-04 1.419749969042e-02 4.020100502513e-04 9.576106206970e-01
4.060301507538e-04 2.766846918122e-02 4.060301507538e-04 1.393385494736e-02 4.060301507538e-04 9.583976758714e-01
4.100502512563e-04 2.713313000302e-02 4.100502512563e-04 1.365517024727e-02 4.100502512563e-04 9.592116997497e-01
4.140703517588e-04 2.658646845782e-02 4.140703517588e-04 1.336167131534e-02 4.140703517588e-04 9.600518602268e-01
4.180904522613e-04 2.602914045603e-02 4.180904522613e-04 1.305370776883e-02 4.180904522613e-04 9.609171517751e-01
4.221105527638e-04 2.546184925745e-02 4.221105527638e-04 1.273175550150e-02 4.221105527638e-04 9.618063952411e-01
4.261306532663e-04 2.488534294103e-02 4.261306532663e-04 1.239641728360e-02 4.261306532663e-04 9.627182397754e-01
4.301507537688e-04 2.430041153935e-02 4.301507537688e-04 1.204842148188e-02 4.301507537688e-04 9.636511669788e-01
4.341708542714e-04 2.370788385531e-02 4.341708542714e-04 1.168861884188e-02 4.341708542714e-04 9.646034973028e-01
4.381909547739e-04 2.310862398191e-02 4.381909547739e-04 1.131797731601e-02 4.381909547739e-04 9.655733987021e-01
4.422110552764e-04 2.250352754906e-02 4.422110552764e-04 1.093757496433e-02 4.422110552764e-04 9.665588974866e-01
4.462311557789e-04 2.189351772434e-02 4.462311557789e-04 1.054859099867e-02 4.462311557789e-04 9.675578912770e-01
4.502512562814e-04 2.127954099737e-02 4.502512562814e-04 1.015229508463e-02 4.502512562814e-04 9.685681639180e-01
4.542713567839e-04 2.066256277987e-02 4.542713567839e-04 9.750035057929e-03 4.542713567839e-04 9.695874021622e-01
4.582914572864e-04 2.004356285519e-02 4.582914572864e-04 9.343223249969e-03 4.582914572864e-04 9.706132138948e-01
4.623115577889e-04 1.942353071344e-02 4.623115577889e-04 8.933321652742e-03 4.623115577889e-04 9.716431476338e-01
4.663316582915e-04 1.880346080881e-02 4.663316582915e-04 8.521826181781e-03 4.663316582915e-04 9.726747130094e-01
4.703517587940e-04 1.818434777720e-02 4.703517587940e-04 8.110250319154e-03 4.703517587940e-04 9.737054019036e-01
4.743718592965e-04 1.756718165239e-02 4.743718592965e-04 7.700108434110e-03 4.743718592965e-04 9.747327099135e-01
4.783919597990e-04 1.695294311905e-02 4.783919597990e-04 7.292899087561e-03 4.783919597990e-04 9.757541577934e-01
4.824120603015e-04 1.634259884057e-02 4.824120603015e-04 6.890088626530e-03 4.824120603015e-04 9.767673125329e-01
4.864321608040e-04 1.573709689875e-02 4.864321608040e-04 6.493095367718e-03 4.864321608040e-04 9.777698077335e-01
4.904522613065e-04 1.513736238115e-02 4.904522613065e-04 6.103274654015e-03 4.904522613065e-04 9.787593629648e-01
4.944723618090e-04 1.454429315031e-02 4.944723618090e-04 5.721905045679e-03 4.944723618090e-04 9.797338018040e-01
4.984924623116e-04 1.395875582708e-02 4.984924623116e-04 5.350175879226e-03 4.984924623116e-04 9.806910682937e-01
5.025125628141e-04 1.338158201773e-02 5.025125628141e-04 4.989176393394e-03 5.025125628141e-04 9.816292415889e-01
5.065326633166e-04 1.281356481218e-02 5.065326633166e-04 4.639886582251e-03 5.065326633166e-04 9.825465486056e-01
5.105527638191e-04 1.225545557732e-02 5.105527638191e-04 4.303169895126e-03 5.105527638191e-04 9.834413745276e-01
5.145728643216e-04 1.170796106686e-02 5.145728643216e-04 3.979767858322e-03 5.145728643216e-04 9.843122710748e-01
5.185929648241e-04 1.117174086491e-02 5.185929648241e-04 3.670296650293e-03 5.185929648241e-04 9.851579624848e-01
5.226130653266e-04 1.064740517805e-02 5.226130653266e-04 3.375245618250e-03 5.226130653266e-04 9.859773492037e-01
5.266331658291e-04 1.013551298604e-02 5.266331658291e-04 3.094977682789e-03 5.266331658291e-04 9.867695093312e-01
5.306532663317e-04 9.636570558503e-03 5.306532663317e-04 2.829731538766e-03 5.306532663317e-04 9.875336979027e-01
5.346733668342e-04 9.151030340769e-03 5.346733668342e-04 2.579625526193e-03 5.346733668342e-04 9.882693441330e-01
5.386934673367e-04 8.679290208686e-03 5.386934673367e-04 2.344663015656e-03 5.386934673367e-04 9.889760467757e-01
5.427135678392e-04 8.221693088719e-03 5.427135678392e-04 2.124739128062e-03 5.427135678392e-04 9.896535677832e-01
5.467336683417e-04 7.778526936221e-03 5.467336683417e-04 1.919648591015e-03 5.467336683417e-04 9.903018244728e-01
5.507537688442e-04 7.350025061557e-03 5.507537688442e-04 1.729094521060e-03 5.507537688442e-04 9.909208804174e-01
5.547738693467e-04 6.936366790903e-03 5.547738693467e-04 1.552697915256e-03 5.547738693467e-04 9.915109352938e-01
5.587939698492e-04 6.537678445618e-03 5.587939698492e-04 1.390007634828e-03 5.587939698492e-04 9.920723139196e-01
5.628140703518e-04 6.154034621727e-03 5.628140703518e-04 1.240510668579e-03 5.628140703518e-04 9.926054547097e-01
5.668341708543e-04 5.785459748835e-03 5.668341708543e-04 1.103642473623e-03 5.668341708543e-04 9.931108977775e-01
5.708542713568e-04 5.431929905881e-03 5.708542713568e-04 9.787972049722e-04 5.708542713568e-04 9.935892728891e-01
5.748743718593e-04 5.093374869536e-03 5.748743718593e-04 8.653376632750e-04 5.748743718593e-04 9.940412874672e-01
5.788944723618e-04 4.769680369921e-03 5.788944723618e-04 7.626048100579e-04 5.788944723618e-04 9.944677148200e-01
5.829145728643e-04 4.460690527271e-03 5.829145728643e-04 6.699267225208e-04 5.829145728643e-04 9.948693827502e-01
5.869346733668e-04 4.166210442652e-03 5.869346733668e-04 5.866268829796e-04 5.869346733668e-04 9.952471626744e-01
5.909547738693e-04 3.886008915596e-03 5.909547738693e-04 5.120317221606e-04 5.909547738693e-04 9.956019593622e-01
5.949748743719e-04 3.619821261461e-03 5.949748743719e-04 4.454773589434e-04 5.949748743719e-04 9.959347013796e-01
5.989949748744e-04 3.367352201775e-03 5.989949748744e-04 3.863155017728e-04 5.989949748744e-04 9.962463322965e-01
6.030150753769e-04 3.128278801360e-03 6.030150753769e-04 3.339184980523e-04 6.030150753769e-04 9.965378027006e-01
6.070351758794e-04 2.902253426918e-03 6.070351758794e-04 2.876835370841e-04 6.070351758794e-04 9.968100630360e-01
6.110552763819e-04 2.688906702878e-03 6.110552763819e-04 2.470360290236e-04 6.110552763819e-04 9.970640572681e-01
6.150753768844e-04 2.487850441623e-03 6.150753768844e-04 2.114321969129e-04 6.150753768844e-04 9.973007173615e-01
6.190954773869e-04 2.298680526648e-03 6.190954773869e-04 1.803609307575e-04 6.190954773869e-04 9.975209585426e-01
6.231155778894e-04 2.120979728907e-03 6.231155778894e-04 1.533449619717e-04 6.231155778894e-04 9.977256753091e-01
6.271356783920e-04 1.954320438339e-03 6.271356783920e-04 1.299414233098e-04 6.271356783920e-04 9.979157381384e-01
6.311557788945e-04 1.798267294395e-03 6.311557788945e-04 1.097418637833e-04 6.311557788945e-04 9.980919908418e-01
6.351758793970e-04 1.652379701353e-03 6.351758793970e-04 9.237179021084e-05 6.351758793970e-04 9.982552485084e-01
6.391959798995e-04 1.516214216143e-03 6.391959798995e-04 7.748980719473e-05 6.391959798995e-04 9.984062959767e-01
6.432160804020e-04 1.389326798357e-03 6.432160804020e-04 6.478642574335e-05 6.432160804020e-04 9.985458867759e-01
6.472361809045e-04 1.271274914103e-03 6.472361809045e-04 5.398260769419e-05 6.472361809045e-04 9.986747424782e-01
6.512562814070e-04 1.161619487245e-03 6.512562814070e-04 4.482810890201e-05 6.512562814070e-04 9.987935524039e-01
6.552763819095e-04 1.059926693452e-03 6.552763819095e-04 3.709967904262e-05 6.552763819095e-04 9.989029736275e-01
6.592964824121e-04 9.657695942355e-04 6.592964824121e-04 3.059917016701e-05 6.592964824121e-04 9.990036312356e-01
6.633165829146e-04 8.787296098666e-04 6.633165829146e-04 2.515160004558e-05 6.633165829146e-04 9.990961187901e-01
6.673366834171e-04 7.983978315870e-04 6.673366834171e-04 2.060321010292e-05 6.673366834171e-04 9.991809989583e-01
6.713567839196e-04 7.243761750513e-04 6.713567839196e-04 1.681955153350e-05 6.713567839196e-04 9.992588042734e-01
6.753768844221e-04 6.562783781982e-04 6.753768844221e-04 1.368362719167e-05 6.753768844221e-04 9.993300379946e-01
6.793969849246e-04 5.937308479763e-04 6.793969849246e-04 1.109411118114e-05 6.793969849246e-04 9.993951750408e-01
6.834170854271e-04 5.363733613889e-04 6.834170854271e-04 8.963662818055e-06 6.834170854271e-04 9.994546629758e-01
6.874371859296e-04 4.838596272249e-04 6.874371859296e-04 7.217346903430e-06 6.874371859296e-04 9.995089230259e-01
6.914572864322e-04 4.358577156080e-04 6.914572864322e-04 5.791168029869e-06 6.914572864322e-04 9.995583511164e-01
6.954773869347e-04 3.920503631355e-04 6.954773869347e-04 4.630722998819e-06 6.954773869347e-04 9.996033189139e-01
6.994974874372e-04 3.521351618476e-04 6.994974874372e-04 3.689972331300e-06 6.994974874372e-04 9.996441748658e-01
7.035175879397e-04 3.158246406440e-04 7.035175879397e-04 2.930129300610e-06 7.035175879397e-04 9.996812452301e-01
7.075376884422e-04 2.828462479978e-04 7.075376884422e-04 2.318662867543e-06 7.075376884422e-04 9.997148350891e-01
7.115577889447e-04 2.529422449278e-04 7.115577889447e-04 1.828409319858e-06 7.115577889447e-04 9.997452293458e-01
7.155778894472e-04 2.258695172183e-04 7.155778894472e-04 1.436786259985e-06 7.155778894472e-04 9.997726936965e-01
7.195979899497e-04 2.013993157840e-04 7.195979899497e-04 1.125101796264e-06 7.195979899497e-04 9.997974755824e-01
7.236180904523e-04 1.793169339049e-04 7.236180904523e-04 8.779513262919e-07 7.236180904523e-04 9.998198051148e-01
7.276381909548e-04 1.594213298147e-04 7.276381909548e-04 6.826941009695e-07 7.276381909548e-04 9.998398959761e-01
7.316582914573e-04 1.415247028095e-04 7.316582914573e-04 5.290017784307e-07 7.316582914573e-04 9.998579462954e-01
7.356783919598e-04 1.254520306659e-04 7.356783919598e-04 4.084713720980e-07 7.356783919598e-04 9.998741394980e-01
7.396984924623e-04 1.110405757481e-04 7.396984924623e-04 3.142953256124e-07 7.396984924623e-04 9.998886451289e-01
7.437185929648e-04 9.813936672635e-05 7.437185929648e-04 2.409818724396e-07 7.437185929648e-04 9.999016196514e-01
7.477386934673e-04 8.660866234139e-05 7.477386934673e-04 1.841193286896e-07 7.477386934673e-04 9.999132072183e-01
7.517587939698e-04 7.631940315451e-05 7.517587939698e-04 1.401784963731e-07 7.517587939698e-04 9.999235404183e-01
7.557788944724e-04 6.715265670927e-05 7.557788944724e-04 1.063478994451e-07 7.557788944724e-04 9.999327409954e-01
7.597989949749e-04 5.899906101127e-05 7.597989949749e-04 8.039711863958e-08 7.597989949749e-04 9.999409205419e-01
7.638190954774e-04 5.175827072353e-05 7.638190954774e-04 6.056401940721e-08 7.638190954774e-04 9.999481811653e-01
7.678391959799e-04 4.533840996984e-05 7.678391959799e-04 4.546217028875e-08 7.678391959799e-04 9.999546161279e-01
7.718592964824e-04 3.965553514814e-05 7.718592964824e-04 3.400521928973e-08 7.718592964824e-04 9.999603104596e-01
7.758793969849e-04 3.463311068433e-05 7.758793969849e-04 2.534542907842e-08 7.758793969849e-04 9.999653415439e-01
7.798994974874e-04 3.020150020987e-05 7.798994974874e-04 1.882396550440e-08 7.798994974874e-04 9.999697796758e-01
7.839195979899e-04 2.629747521875e-05 7.839195979899e-04 1.393088724932e-08 7.839195979899e-04 9.999736885939e-01
7.879396984925e-04 2.286374286589e-05 7.879396984925e-04 1.027309836157e-08 7.879396984925e-04 9.999771259840e-01
7.919597989950e-04 1.984849419798e-05 7.919597989950e-04 7.548801073815e-09 7.919597989950e-04 9.999801439570e-01
7.959798994975e-04 1.720497377140e-05 7.959798994975e-04 5.527226603491e-09 7.959798994975e-04 9.999827894990e-01
8.000000000000e-04 1.489107130326e-05 8.000000000000e-04 4.032628661554e-09 8.000000000000e-04 9.999851048961e-01
