0.000000000000e+00 3.759942502266e-02 0.000000000000e+00 1.779999995321e-02 0.000000000000e+00 9.446005750241e-01
6.532663316583e-06 3.759932662651e-02 6.532663316583e-06 1.779999993665e-02 6.532663316583e-06 9.446006734368e-01
1.306532663317e-05 3.759921237604e-02 1.306532663317e-05 1.779999991445e-02 1.306532663317e-05 9.446007877095e-01
1.959798994975e-05 3.759907988991e-02 1.959798994975e-05 1.779999988475e-02 1.959798994975e-05 9.446009202253e-01
2.613065326633e-05 3.759892645812e-02 2.613065326633e-05 1.779999984512e-02 2.613065326633e-05 9.446010736968e-01
3.266331658291e-05 3.759874900128e-02 3.266331658291e-05 1.779999979240e-02 3.266331658291e-05 9.446012512063e-01
3.919597989950e-05 3.759854402545e-02 3.919597989950e-05 1.779999972242e-02 3.919597989950e-05 9.446014562521e-01
4.572864321608e-05 3.759830757233e-02 4.572864321608e-05 1.779999962978e-02 4.572864321608e-05 9.446016927979e-01
5.226130653266e-05 3.759803516428e-02 5.226130653266e-05 1.779999950745e-02 5.226130653266e-05 9.446019653283e-01
5.879396984925e-05 3.759772174382e-02 5.879396984925e-05 1.779999934634e-02 5.879396984925e-05 9.446022789098e-01
6.532663316583e-05 3.759736160724e-02 6.532663316583e-05 1.779999913469e-02 6.532663316583e-05 9.446026392581e-01
7.185929648241e-05 3.759694833179e-02 7.185929648241e-05 1.779999885737e-02 7.185929648241e-05 9.446030528108e-01
7.839195979899e-05 3.759647469601e-02 7.839195979899e-05 1.779999849492e-02 7.839195979899e-05 9.446035268091e-01
8.492462311558e-05 3.759593259293e-02 8.492462311558e-05 1.779999802244e-02 8.492462311558e-05 9.446040693846e-01
9.145728643216e-05 3.759531293538e-02 9.145728643216e-05 1.779999740810e-02 9.145728643216e-05 9.446046896565e-01
9.798994974874e-05 3.759460555319e-02 9.798994974874e-05 1.779999661137e-02 9.798994974874e-05 9.446053978354e-01
1.045226130653e-04 3.759379908176e-02 1.045226130653e-04 1.779999558073e-02 1.045226130653e-04 9.446062053375e-01
1.110552763819e-04 3.759288084146e-02 1.110552763819e-04 1.779999425094e-02 1.110552763819e-04 9.446071249076e-01
1.175879396985e-04 3.759183670753e-02 1.175879396985e-04 1.779999253959e-02 1.175879396985e-04 9.446081707529e-01
1.241206030151e-04 3.759065097001e-02 1.241206030151e-04 1.779999034282e-02 1.241206030151e-04 9.446093586872e-01
1.306532663317e-04 3.758930618329e-02 1.306532663317e-04 1.779998753019e-02 1.306532663317e-04 9.446107062865e-01
1.371859296482e-04 3.758778300493e-02 1.371859296482e-04 1.779998393830e-02 1.371859296482e-04 9.446122330568e-01
1.437185929648e-04 3.758606002347e-02 1.437185929648e-04 1.779997936302e-02 1.437185929648e-04 9.446139606135e-01
1.502512562814e-04 3.758411357485e-02 1.502512562814e-04 1.779997355005e-02 1.502512562814e-04 9.446159128751e-01
1.567839195980e-04 3.758191754732e-02 1.567839195980e-04 1.779996618356e-02 1.567839195980e-04 9.446181162691e-01
1.633165829146e-04 3.757944317464e-02 1.633165829146e-04 1.779995687231e-02 1.633165829146e-04 9.446205999531e-01
1.698492462312e-04 3.757665881750e-02 1.698492462312e-04 1.779994513309e-02 1.698492462312e-04 9.446233960494e-01
1.763819095477e-04 3.757352973319e-02 1.763819095477e-04 1.779993037079e-02 1.763819095477e-04 9.446265398960e-01
1.829145728643e-04 3.757001783364e-02 1.829145728643e-04 1.779991185454e-02 1.829145728643e-04 9.446300703118e-01
1.894472361809e-04 3.756608143202e-02 1.894472361809e-04 1.779988868934e-02 1.894472361809e-04 9.446340298786e-01
1.959798994975e-04 3.756167497828e-02 1.959798994975e-04 1.779985978235e-02 1.959798994975e-04 9.446384652394e-01
2.025125628141e-04 3.755674878413e-02 2.025125628141e-04 1.779982380296e-02 2.025125628141e-04 9.446434274129e-01
2.090452261307e-04 3.755124873803e-02 2.090452261307e-04 1.779977913578e-02 2.090452261307e-04 9.446489721262e-01
2.155778894472e-04 3.754511601104e-02 2.155778894472e-04 1.779972382531e-02 2.155778894472e-04 9.446551601636e-01
2.221105527638e-04 3.753828675448e-02 2.221105527638e-04 1.779965551126e-02 2.221105527638e-04 9.446620577343e-01
2.286432160804e-04 3.753069179042e-02 2.286432160804e-04 1.779957135302e-02 2.286432160804e-04 9.446697368566e-01
2.351758793970e-04 3.752225629658e-02 2.351758793970e-04 1.779946794189e-02 2.351758793970e-04 9.446782757615e-01
2.417085427136e-04 3.751289948682e-02 2.417085427136e-04 1.779934119952e-02 2.417085427136e-04 9.446877593137e-01
2.482412060302e-04 3.750253428932e-02 2.482412060302e-04 1.779918626067e-02 2.482412060302e-04 9.446982794500e-01
2.547738693467e-04 3.749106702401e-02 2.547738693467e-04 1.779899733856e-02 2.547738693467e-04 9.447099356374e-01
2.613065326633e-04 3.747839708175e-02 2.613065326633e-04 1.779876757074e-02 2.613065326633e-04 9.447228353475e-01
2.678391959799e-04 3.746441660742e-02 2.678391959799e-04 1.779848884341e-02 2.678391959799e-04 9.447370945492e-01
2.743718592965e-04 3.744901018952e-02 2.743718592965e-04 1.779815159194e-02 2.743718592965e-04 9.447528382185e-01
2.809045226131e-04 3.743205455927e-02 2.809045226131e-04 1.779774457533e-02 2.809045226131e-04 9.447702008654e-01
2.874371859296e-04 3.741341830200e-02 2.874371859296e-04 1.779725462243e-02 2.874371859296e-04 9.447893270756e-01
2.939698492462e-04 3.739296158424e-02 2.939698492462e-04 1.779666634729e-02 2.939698492462e-04 9.448103720685e-01
3.005025125628e-04 3.737053589988e-02 3.005025125628e-04 1.779596183169e-02 3.005025125628e-04 9.448335022684e-01
3.070351758794e-04 3.734598383893e-02 3.070351758794e-04 1.779512027248e-02 3.070351758794e-04 9.448588958886e-01
3.135678391960e-04 3.731913888283e-02 3.135678391960e-04 1.779411759170e-02 3.135678391960e-04 9.448867435255e-01
3.201005025126e-04 3.728982523009e-02 3.201005025126e-04 1.779292600770e-02 3.201005025126e-04 9.449172487622e-01
3.266331658291e-04 3.725785765634e-02 3.266331658291e-04 1.779151356585e-02 3.266331658291e-04 9.449506287778e-01
3.331658291457e-04 3.722304141302e-02 3.331658291457e-04 1.778984362746e-02 3.331658291457e-04 9.449871149595e-01
3.396984924623e-04 3.718517216875e-02 3.396984924623e-04 1.778787431662e-02 3.396984924623e-04 9.450269535146e-01
3.462311557789e-04 3.714403599782e-02 3.462311557789e-04 1.778555792470e-02 3.462311557789e-04 9.450704060775e-01
3.527638190955e-04 3.709940941987e-02 3.527638190955e-04 1.778284027319e-02 3.527638190955e-04 9.451177503069e-01
3.592964824121e-04 3.705105949501e-02 3.592964824121e-04 1.777966003653e-02 3.592964824121e-04 9.451692804685e-01
3.658291457286e-04 3.699874397846e-02 3.658291457286e-04 1.777594802714e-02 3.658291457286e-04 9.452253079944e-01
3.723618090452e-04 3.694221153876e-02 3.723618090452e-04 1.777162644628e-02 3.723618090452e-04 9.452861620150e-01
3.788944723618e-04 3.688120204312e-02 3.788944723618e-04 1.776660810525e-02 3.788944723618e-04 9.453521898516e-01
3.854271356784e-04 3.681544691359e-02 3.854271356784e-04 1.776079562284e-02 3.854271356784e-04 9.454237574636e-01
3.919597989950e-04 3.674466955730e-02 3.919597989950e-04 1.775408060637e-02 3.919597989950e-04 9.455012498363e-01
3.984924623116e-04 3.666858587352e-02 3.984924623116e-04 1.774634282483e-02 3.984924623116e-04 9.455850713017e-01
4.050251256281e-04 3.658690484018e-02 4.050251256281e-04 1.773744938445e-02 4.050251256281e-04 9.456756457754e-01
4.115577889447e-04 3.649932918179e-02 4.115577889447e-04 1.772725391839e-02 4.115577889447e-04 9.457734168998e-01
4.180904522613e-04 3.640555612034e-02 4.180904522613e-04 1.771559580382e-02 4.180904522613e-04 9.458788480758e-01
4.246231155779e-04 3.630527821006e-02 4.246231155779e-04 1.770229942112e-02 4.246231155779e-04 9.459924223688e-01
4.311557788945e-04 3.619818425657e-02 4.311557788945e-04 1.768717347164e-02 4.311557788945e-04 9.461146422718e-01
4.376884422111e-04 3.608396031990e-02 4.376884422111e-04 1.767001037152e-02 4.376884422111e-04 9.462460293086e-01
4.442211055276e-04 3.596229080050e-02 4.442211055276e-04 1.765058574053e-02 4.442211055276e-04 9.463871234590e-01
4.507537688442e-04 3.583285960650e-02 4.507537688442e-04 1.762865800572e-02 4.507537688442e-04 9.465384823878e-01
4.572864321608e-04 3.569535139967e-02 4.572864321608e-04 1.760396814076e-02 4.572864321608e-04 9.467006804596e-01
4.638190954774e-04 3.554945291672e-02 4.638190954774e-04 1.757623956199e-02 4.638190954774e-04 9.468743075213e-01
4.703517587940e-04 3.539485436193e-02 4.703517587940e-04 1.754517820270e-02 4.703517587940e-04 9.470599674354e-01
4.768844221106e-04 3.523125086600e-02 4.768844221106e-04 1.751047278660e-02 4.768844221106e-04 9.472582763474e-01
4.834170854271e-04 3.505834400537e-02 4.834170854271e-04 1.747179532126e-02 4.834170854271e-04 9.474698606734e-01
4.899497487437e-04 3.487584337541e-02 4.899497487437e-04 1.742880183064e-02 4.899497487437e-04 9.476953547940e-01
4.964824120603e-04 3.468346820993e-02 4.964824120603e-04 1.738113334454e-02 4.964824120603e-04 9.479353984455e-01
5.030150753769e-04 3.448094903886e-02 5.030150753769e-04 1.732841716075e-02 5.030150753769e-04 9.481906338004e-01
5.095477386935e-04 3.426802937491e-02 5.095477386935e-04 1.727026839259e-02 5.095477386935e-04 9.484617022325e-01
5.160804020101e-04 3.404446741967e-02 5.160804020101e-04 1.720629181177e-02 5.160804020101e-04 9.487492407686e-01
5.226130653266e-04 3.381003777861e-02 5.226130653266e-04 1.713608399241e-02 5.226130653266e-04 9.490538782290e-01
5.291457286432e-04 3.356453317392e-02 5.291457286432e-04 1.705923575802e-02 5.291457286432e-04 9.493762310681e-01
5.356783919598e-04 3.330776614370e-02 5.356783919598e-04 1.697533492841e-02 5.356783919598e-04 9.497168989279e-01
5.422110552764e-04 3.303957071570e-02 5.422110552764e-04 1.688396935846e-02 5.422110552764e-04 9.500764599258e-01
5.487437185930e-04 3.275980404262e-02 5.487437185930e-04 1.678473025505e-02 5.487437185930e-04 9.504554657023e-01
5.552763819095e-04 3.246834798720e-02 5.552763819095e-04 1.667721575310e-02 5.552763819095e-04 9.508544362597e-01
5.618090452261e-04 3.216511064357e-02 5.618090452261e-04 1.656103472521e-02 5.618090452261e-04 9.512738546312e-01
5.683417085427e-04 3.185002778240e-02 5.683417085427e-04 1.643581079419e-02 5.683417085427e-04 9.517141614234e-01
5.748743718593e-04 3.152306420713e-02 5.748743718593e-04 1.630118651129e-02 5.748743718593e-04 9.521757492816e-01
5.814070351759e-04 3.118421500835e-02 5.814070351759e-04 1.615682765773e-02 5.814070351759e-04 9.526589573339e-01
5.879396984925e-04 3.083350670473e-02 5.879396984925e-04 1.600242762170e-02 5.879396984925e-04 9.531640656736e-01
5.944723618090e-04 3.047099825793e-02 5.944723618090e-04 1.583771179824e-02 5.944723618090e-04 9.536912899438e-01
6.010050251256e-04 3.009678195090e-02 6.010050251256e-04 1.566244195523e-02 6.010050251256e-04 9.542407760939e-01
6.075376884422e-04 2.971098411883e-02 6.075376884422e-04 1.547642050532e-02 6.075376884422e-04 9.548125953758e-01
6.140703517588e-04 2.931376572280e-02 6.140703517588e-04 1.527949462119e-02 6.140703517588e-04 9.554067396560e-01
6.206030150754e-04 2.890532275786e-02 6.206030150754e-04 1.507156012983e-02 6.206030150754e-04 9.560231171123e-01
6.271356783920e-04 2.848588648734e-02 6.271356783920e-04 1.485256512128e-02 6.271356783920e-04 9.566615483914e-01
6.336683417085e-04 2.805572349722e-02 6.336683417085e-04 1.462251320792e-02 6.336683417085e-04 9.573217632949e-01
6.402010050251e-04 2.761513556485e-02 6.402010050251e-04 1.438146637228e-02 6.402010050251e-04 9.580033980629e-01
6.467336683417e-04 2.716445933825e-02 6.467336683417e-04 1.412954734481e-02 6.467336683417e-04 9.587059933169e-01
6.532663316583e-04 2.670406582364e-02 6.532663316583e-04 1.386694145702e-02 6.532663316583e-04 9.594289927193e-01
6.597989949749e-04 2.623435967924e-02 6.597989949749e-04 1.359389792170e-02 6.597989949749e-04 9.601717423991e-01
6.663316582915e-04 2.575577831681e-02 6.663316582915e-04 1.331073049806e-02 6.663316582915e-04 9.609334911851e-01
6.728643216080e-04 2.526879081187e-02 6.728643216080e-04 1.301781750810e-02 6.728643216080e-04 9.617133916800e-01
6.793969849246e-04 2.477389662665e-02 6.793969849246e-04 1.271560117904e-02 6.793969849246e-04 9.625105021943e-01
6.859296482412e-04 2.427162415047e-02 6.859296482412e-04 1.240458629621e-02 6.859296482412e-04 9.633237895533e-01
6.924623115578e-04 2.376252906412e-02 6.924623115578e-04 1.208533816133e-02 6.924623115578e-04 9.641521327745e-01
6.989949748744e-04 2.324719253651e-02 6.989949748744e-04 1.175847986155e-02 6.989949748744e-04 9.649943276019e-01
7.055276381910e-04 2.272621926248e-02 7.055276381910e-04 1.142468886552e-02 7.055276381910e-04 9.658490918720e-01
7.120603015075e-04 2.220023535333e-02 7.120603015075e-04 1.108469297395e-02 7.120603015075e-04 9.667150716727e-01
7.185929648241e-04 2.166988609160e-02 7.185929648241e-04 1.073926566250e-02 7.185929648241e-04 9.675908482459e-01
7.251256281407e-04 2.113583356381e-02 7.251256281407e-04 1.038922086519e-02 7.251256281407e-04 9.684749455710e-01
7.316582914573e-04 2.059875418536e-02 7.316582914573e-04 1.003540725622e-02 7.316582914573e-04 9.693658385584e-01
7.381909547739e-04 2.005933613316e-02 7.381909547739e-04 9.678702096623e-03 7.381909547739e-04 9.702619617702e-01
7.447236180905e-04 1.951827670205e-02 7.447236180905e-04 9.320004719814e-03 7.447236180905e-04 9.711617185781e-01
7.512562814070e-04 1.897627960197e-02 7.512562814070e-04 8.960229736625e-03 7.512562814070e-04 9.720634906614e-01
7.577889447236e-04 1.843405221355e-02 7.577889447236e-04 8.600300045253e-03 7.577889447236e-04 9.729656477412e-01
7.643216080402e-04 1.789230281959e-02 7.643216080402e-04 8.241139735044e-03 7.643216080402e-04 9.738665574454e-01
7.708542713568e-04 1.735173783055e-02 7.708542713568e-04 7.883666974993e-03 7.708542713568e-04 9.747645951945e-01
7.773869346734e-04 1.681305902261e-02 7.773869346734e-04 7.528786978168e-03 7.773869346734e-04 9.756581539992e-01
7.839195979899e-04 1.627696080557e-02 7.839195979899e-04 7.177385131715e-03 7.839195979899e-04 9.765456540627e-01
7.904522613065e-04 1.574412753896e-02 7.904522613065e-04 6.830320379330e-03 7.904522613065e-04 9.774255520817e-01
7.969849246231e-04 1.521523091306e-02 7.969849246231e-04 6.488418938509e-03 7.969849246231e-04 9.782963501484e-01
8.035175879397e-04 1.469092741221e-02 8.035175879397e-04 6.152468428919e-03 8.035175879397e-04 9.791566041589e-01
8.100502512563e-04 1.417185587559e-02 8.100502512563e-04 5.823212481148e-03 8.100502512563e-04 9.800049316433e-01
8.165829145729e-04 1.365863517104e-02 8.165829145729e-04 5.501345886490e-03 8.165829145729e-04 9.808400189425e-01
8.231155778894e-04 1.315186199602e-02 8.231155778894e-04 5.187510339472e-03 8.231155778894e-04 9.816606276645e-01
8.296482412060e-04 1.265210881817e-02 8.296482412060e-04 4.882290814343e-03 8.296482412060e-04 9.824656003675e-01
8.361809045226e-04 1.215992196769e-02 8.361809045226e-04 4.586212606584e-03 8.361809045226e-04 9.832538654257e-01
8.427135678392e-04 1.167581989154e-02 8.427135678392e-04 4.299739059440e-03 8.427135678392e-04 9.840244410490e-01
8.492462311558e-04 1.120029157859e-02 8.492462311558e-04 4.023269984436e-03 8.492462311558e-04 9.847764384370e-01
8.557788944724e-04 1.073379516326e-02 8.557788944724e-04 3.757140774341e-03 8.557788944724e-04 9.855090640624e-01
8.623115577889e-04 1.027675671336e-02 8.623115577889e-04 3.501622196355e-03 8.623115577889e-04 9.862216210903e-01
8.688442211055e-04 9.829569207133e-03 8.688442211055e-04 3.256920843535e-03 8.688442211055e-04 9.869135099493e-01
8.753768844221e-04 9.392591701648e-03 8.753768844221e-04 3.023180213506e-03 8.753768844221e-04 9.875842280848e-01
8.819095477387e-04 8.966148694681e-03 8.819095477387e-04 2.800482375002e-03 8.819095477387e-04 9.882333689303e-01
8.884422110553e-04 8.550529679339e-03 8.884422110553e-04 2.588850175886e-03 8.884422110553e-04 9.888606201448e-01
8.949748743719e-04 8.145988890071e-03 8.949748743719e-04 2.388249940025e-03 8.949748743719e-04 9.894657611699e-01
9.015075376884e-04 7.752745236892e-03 9.015075376884e-04 2.198594595669e-03 9.015075376884e-04 9.900486601674e-01
9.080402010050e-04 7.370982423263e-03 9.080402010050e-04 2.019747174310e-03 9.080402010050e-04 9.906092704024e-01
9.145728643216e-04 7.000849242163e-03 9.145728643216e-04 1.851524616603e-03 9.145728643216e-04 9.911476261412e-01
9.211055276382e-04 6.642460042804e-03 9.211055276382e-04 1.693701820886e-03 9.211055276382e-04 9.916638381363e-01
9.276381909548e-04 6.295895360567e-03 9.276381909548e-04 1.546015869754e-03 9.276381909548e-04 9.921580887697e-01
9.341708542714e-04 5.961202700565e-03 9.341708542714e-04 1.408170371420e-03 9.341708542714e-04 9.926306269280e-01
9.407035175879e-04 5.638397464888e-03 9.407035175879e-04 1.279839854768e-03 9.407035175879e-04 9.930817626803e-01
9.472361809045e-04 5.327464013076e-03 9.472361809045e-04 1.160674160070e-03 9.472361809045e-04 9.935118618269e-01
9.537688442211e-04 5.028356843909e-03 9.537688442211e-04 1.050302771341e-03 9.537688442211e-04 9.939213403847e-01
9.603015075377e-04 4.741001887025e-03 9.603015075377e-04 9.483390408540e-04 9.603015075377e-04 9.943106590721e-01
9.668341708543e-04 4.465297891539e-03 9.668341708543e-04 8.543842614551e-04 9.668341708543e-04 9.946803178470e-01
9.733668341709e-04 4.201117899364e-03 9.733668341709e-04 7.680315478957e-04 9.733668341709e-04 9.950308505527e-01
9.798994974874e-04 3.948310790396e-03 9.798994974874e-04 6.888694940854e-04 9.798994974874e-04 9.953628197155e-01
9.864321608040e-04 3.706702886436e-03 9.864321608040e-04 6.164855791828e-04 9.864321608040e-04 9.956768115344e-01
9.929648241206e-04 3.476099601569e-03 9.929648241206e-04 5.504693012157e-04 9.929648241206e-04 9.959734310972e-01
9.994974874372e-04 3.256287126045e-03 9.994974874372e-04 4.904150228112e-04 9.994974874372e-04 9.962532978511e-01
1.006030150754e-03 3.047034131646e-03 1.006030150754e-03 4.359245191146e-04 1.006030150754e-03 9.965170413492e-01
1.012562814070e-03 2.848093486591e-03 1.012562814070e-03 3.866092232124e-04 1.012562814070e-03 9.967652972902e-01
1.019095477387e-03 2.659203968588e-03 1.019095477387e-03 3.420921692863e-04 1.019095477387e-03 9.969987038621e-01
1.025628140704e-03 2.480091965356e-03 1.025628140704e-03 3.020096380827e-04 1.025628140704e-03 9.972178983966e-01
1.032160804020e-03 2.310473152147e-03 1.032160804020e-03 2.660125132226e-04 1.032160804020e-03 9.974235143346e-01
1.038693467337e-03 2.150054137118e-03 1.038693467337e-03 2.337673602970e-04 1.038693467337e-03 9.976161785026e-01
1.045226130653e-03 1.998534065509e-03 1.045226130653e-03 2.049572435039e-04 1.045226130653e-03 9.977965086910e-01
1.051758793970e-03 1.855606174791e-03 1.051758793970e-03 1.792822969542e-04 1.051758793970e-03 9.979651115283e-01
1.058291457286e-03 1.720959293560e-03 1.058291457286e-03 1.564600695301e-04 1.058291457286e-03 9.981225806369e-01
1.064824120603e-03 1.594279277838e-03 1.064824120603e-03 1.362256634813e-04 1.064824120603e-03 9.982694950587e-01
1.071356783920e-03 1.475250379260e-03 1.071356783920e-03 1.183316877408e-04 1.071356783920e-03 9.984064179330e-01
1.077889447236e-03 1.363556540450e-03 1.077889447236e-03 1.025480472978e-04 1.077889447236e-03 9.985338954123e-01
1.084422110553e-03 1.258882613794e-03 1.084422110553e-03 8.866158993408e-05 1.084422110553e-03 9.986524557963e-01
1.090954773869e-03 1.160915500517e-03 1.090954773869e-03 7.647563121792e-05 1.090954773869e-03 9.987626088683e-01
1.097487437186e-03 1.069345207811e-03 1.097487437186e-03 6.580937796119e-05 1.097487437186e-03 9.988648454142e-01
1.104020100503e-03 9.838658226243e-04 1.104020100503e-03 5.649726937957e-05 1.104020100503e-03 9.989596369080e-01
1.110552763819e-03 9.041764012442e-04 1.110552763819e-03 4.838825402593e-05 1.110552763819e-03 9.990474353447e-01
1.117085427136e-03 8.299817746818e-04 1.117085427136e-03 4.134501924666e-05 1.117085427136e-03 9.991286732061e-01
1.123618090452e-03 7.609932703827e-04 1.123618090452e-03 3.524318846575e-05 1.123618090452e-03 9.992037635412e-01
1.130150753769e-03 6.969293514945e-04 1.130150753769e-03 2.997050008892e-05 1.130150753769e-03 9.992731001484e-01
1.136683417085e-03 6.375161753101e-04 1.136683417085e-03 2.542598027532e-05 1.136683417085e-03 9.993370578444e-01
1.143216080402e-03 5.824880731651e-04 1.143216080402e-03 2.151912027296e-05 1.143216080402e-03 9.993959928066e-01
1.149748743719e-03 5.315879544024e-04 1.149748743719e-03 1.816906750242e-05 1.149748743719e-03 9.994502429781e-01
1.156281407035e-03 4.845676373971e-04 1.156281407035e-03 1.530383810434e-05 1.156281407035e-03 9.995001285245e-01
1.162814070352e-03 4.411881110151e-04 1.162814070352e-03 1.285955728342e-05 1.162814070352e-03 9.995459523317e-01
1.169346733668e-03 4.012197301113e-04 1.169346733668e-03 1.077973248138e-05 1.169346733668e-03 9.995880005374e-01
1.175879396985e-03 3.644423489072e-04 1.175879396985e-03 9.014563216399e-06 1.175879396985e-03 9.996265430879e-01
1.182412060302e-03 3.306453962586e-04 1.182412060302e-03 7.520290343992e-06 1.182412060302e-03 9.996618343134e-01
1.188944723618e-03 2.996278969354e-04 1.188944723618e-03 6.258586522045e-06 1.188944723618e-03 9.996941135165e-01
1.195477386935e-03 2.711984431458e-04 1.195477386935e-03 5.195988810495e-06 1.195477386935e-03 9.997236055680e-01
1.202010050251e-03 2.451751204983e-04 1.202010050251e-03 4.303373595960e-06 1.202010050251e-03 9.997505215059e-01
1.208542713568e-03 2.213853926891e-04 1.208542713568e-03 3.555473403350e-06 1.208542713568e-03 9.997750591339e-01
1.215075376884e-03 1.996659490612e-04 1.215075376884e-03 2.930434634008e-06 1.215075376884e-03 9.997974036163e-01
1.221608040201e-03 1.798625191700e-04 1.221608040201e-03 2.409414845202e-06 1.221608040201e-03 9.998177280660e-01
1.228140703518e-03 1.618296583585e-04 1.228140703518e-03 1.976217853597e-06 1.228140703518e-03 9.998361941238e-01
1.234673366834e-03 1.454305082129e-04 1.234673366834e-03 1.616964693925e-06 1.234673366834e-03 9.998529525271e-01
1.241206030151e-03 1.305365356354e-04 1.241206030151e-03 1.319798287703e-06 1.241206030151e-03 9.998681436661e-01
1.247738693467e-03 1.170272540583e-04 1.247738693467e-03 1.074619564577e-06 1.247738693467e-03 9.998818981264e-01
1.254271356784e-03 1.047899301899e-04 1.254271356784e-03 8.728527224784e-07 1.254271356784e-03 9.998943372171e-01
1.260804020101e-03 9.371927943307e-05 1.260804020101e-03 7.072373042205e-07 1.260804020101e-03 9.999055734833e-01
1.267336683417e-03 8.371715293130e-05 1.267336683417e-03 5.716447987227e-07 1.267336683417e-03 9.999157112023e-01
1.273869346734e-03 7.469221899024e-05 1.273869346734e-03 4.609175378069e-07 1.273869346734e-03 9.999248468635e-01
1.280402010050e-03 6.655964137602e-05 1.280402010050e-03 3.707277471399e-07 1.280402010050e-03 9.999330696309e-01
1.286934673367e-03 5.924075680415e-05 1.286934673367e-03 2.974547169549e-07 1.286934673367e-03 9.999404617885e-01
1.293467336683e-03 5.266275368321e-05 1.293467336683e-03 2.380781783905e-07 1.293467336683e-03 9.999470991681e-01
1.300000000000e-03 4.675835399334e-05 1.300000000000e-03 1.900861007695e-07 1.300000000000e-03 9.999530515599e-01
