0.000000000000e+00 1.075290585864e-05 0.000000000000e+00 1.792208529966e-07 0.000000000000e+00 9.999890678733e-01
6.030150753769e-06 1.215012209042e-05 6.030150753769e-06 2.221727549522e-07 6.030150753769e-06 9.999876277052e-01
1.206030150754e-05 1.371329188876e-05 1.206030150754e-05 2.748297438862e-07 1.206030150754e-05 9.999860118784e-01
1.809045226131e-05 1.546000360307e-05 1.809045226131e-05 3.392407713130e-07 1.809045226131e-05 9.999842007556e-01
2.412060301508e-05 1.740943902970e-05 2.412060301508e-05 4.178538881558e-07 2.412060301508e-05 9.999821727071e-01
3.015075376884e-05 1.958248552827e-05 3.015075376884e-05 5.135866058007e-07 3.015075376884e-05 9.999799039279e-01
3.618090452261e-05 2.200185239515e-05 3.618090452261e-05 6.299071281144e-07 3.618090452261e-05 9.999773682405e-01
4.221105527638e-05 2.469219123801e-05 4.221105527638e-05 7.709278336120e-07 4.221105527638e-05 9.999745368809e-01
4.824120603015e-05 2.768022003905e-05 4.824120603015e-05 9.415125060702e-07 4.824120603015e-05 9.999713782675e-01
5.427135678392e-05 3.099485052600e-05 5.427135678392e-05 1.147398930982e-06 5.427135678392e-05 9.999678577505e-01
6.030150753769e-05 3.466731840416e-05 6.030150753769e-05 1.395338591636e-06 6.030150753769e-05 9.999639373430e-01
6.633165829146e-05 3.873131593219e-05 6.633165829146e-05 1.693255310416e-06 6.633165829146e-05 9.999595754288e-01
7.236180904523e-05 4.322312625029e-05 7.236180904523e-05 2.050424783650e-06 7.236180904523e-05 9.999547264490e-01
7.839195979899e-05 4.818175878661e-05 7.839195979899e-05 2.477677048938e-06 7.839195979899e-05 9.999493405642e-01
8.442211055276e-05 5.364908499672e-05 8.442211055276e-05 2.987623998650e-06 8.442211055276e-05 9.999433632910e-01
9.045226130653e-05 5.966997360362e-05 9.045226130653e-05 3.594914105621e-06 9.045226130653e-05 9.999367351123e-01
9.648241206030e-05 6.629242442141e-05 9.648241206030e-05 4.316516553688e-06 9.648241206030e-05 9.999293910590e-01
1.025125628141e-04 7.356769977298e-05 1.025125628141e-04 5.172036960034e-06 1.025125628141e-04 9.999212602633e-01
1.085427135678e-04 8.155045241720e-05 1.085427135678e-04 6.184066832273e-06 1.085427135678e-04 9.999122654808e-01
1.145728643216e-04 9.029884882666e-05 1.145728643216e-04 7.378568813002e-06 1.145728643216e-04 9.999023225824e-01
1.206030150754e-04 9.987468657832e-05 1.206030150754e-04 8.785299625729e-06 1.206030150754e-04 9.998913400138e-01
1.266331658291e-04 1.103435045466e-04 1.266331658291e-04 1.043827243613e-05 1.266331658291e-04 9.998792182230e-01
1.326633165829e-04 1.217746845031e-04 1.326633165829e-04 1.237626007775e-05 1.326633165829e-04 9.998658490554e-01
1.386934673367e-04 1.342415426835e-04 1.386934673367e-04 1.464334025821e-05 1.386934673367e-04 9.998511151171e-01
1.447236180905e-04 1.478214098083e-04 1.447236180905e-04 1.728948344523e-05 1.447236180905e-04 9.998348891067e-01
1.507537688442e-04 1.625956979883e-04 1.507537688442e-04 2.037118363522e-05 1.507537688442e-04 9.998170331184e-01
1.567839195980e-04 1.786499529302e-04 1.567839195980e-04 2.395213162330e-05 1.567839195980e-04 9.997973979154e-01
1.628140703518e-04 1.960738897943e-04 1.628140703518e-04 2.810392971286e-05 1.628140703518e-04 9.997758221805e-01
1.688442211055e-04 2.149614110546e-04 1.688442211055e-04 3.290684603212e-05 1.688442211055e-04 9.997521317429e-01
1.748743718593e-04 2.354106047040e-04 1.748743718593e-04 3.845060575698e-05 1.748743718593e-04 9.997261387895e-01
1.809045226131e-04 2.575237211612e-04 1.809045226131e-04 4.483521557967e-05 1.809045226131e-04 9.996976410633e-01
1.869346733668e-04 2.814071272268e-04 1.869346733668e-04 5.217181670499e-05 1.869346733668e-04 9.996664210561e-01
1.929648241206e-04 3.071712355289e-04 1.929648241206e-04 6.058356053348e-05 1.929648241206e-04 9.996322452039e-01
1.989949748744e-04 3.349304078979e-04 1.989949748744e-04 7.020649995882e-05 1.989949748744e-04 9.995948630921e-01
2.050251256281e-04 3.648028312259e-04 2.050251256281e-04 8.119048795206e-05 2.050251256281e-04 9.995540066808e-01
2.110552763819e-04 3.969103644545e-04 2.110552763819e-04 9.370007376889e-05 2.110552763819e-04 9.995093895618e-01
2.170854271357e-04 4.313783554051e-04 2.170854271357e-04 1.079153857561e-04 2.170854271357e-04 9.994607062588e-01
2.231155778894e-04 4.683354263652e-04 2.231155778894e-04 1.240329883892e-04 2.231155778894e-04 9.994076315852e-01
2.291457286432e-04 5.079132274511e-04 2.291457286432e-04 1.422666997992e-04 2.291457286432e-04 9.993498200727e-01
2.351758793970e-04 5.502461569253e-04 2.351758793970e-04 1.628483547487e-04 2.351758793970e-04 9.992869054883e-01
2.412060301508e-04 5.954710479122e-04 2.412060301508e-04 1.860284967905e-04 2.412060301508e-04 9.992185004553e-01
2.472361809045e-04 6.437268210745e-04 2.472361809045e-04 2.120769822155e-04 2.472361809045e-04 9.991441961967e-01
2.532663316583e-04 6.951541030936e-04 2.532663316583e-04 2.412834773826e-04 2.532663316583e-04 9.990635624195e-01
2.592964824121e-04 7.498948110396e-04 2.592964824121e-04 2.739578302661e-04 2.592964824121e-04 9.989761473587e-01
2.653266331658e-04 8.080917029918e-04 2.653266331658e-04 3.104302964329e-04 2.653266331658e-04 9.988814780006e-01
2.713567839196e-04 8.698878954671e-04 2.713567839196e-04 3.510515993140e-04 2.713567839196e-04 9.987790605052e-01
2.773869346734e-04 9.354263486273e-04 2.773869346734e-04 3.961928046553e-04 2.773869346734e-04 9.986683808467e-01
2.834170854271e-04 1.004849320445e-03 2.834170854271e-04 4.462449892406e-04 2.834170854271e-04 9.985489056903e-01
2.894472361809e-04 1.078297791306e-03 2.894472361809e-04 5.016186846607e-04 2.894472361809e-04 9.984200835240e-01
2.954773869347e-04 1.155910860945e-03 2.954773869347e-04 5.627430779409e-04 2.954773869347e-04 9.982813460611e-01
3.015075376884e-04 1.237825119807e-03 3.015075376884e-04 6.300649522975e-04 3.015075376884e-04 9.981321099279e-01
3.075376884422e-04 1.324173997274e-03 3.075376884422e-04 7.040473530798e-04 3.075376884422e-04 9.979717786496e-01
3.135678391960e-04 1.415087089567e-03 3.135678391960e-04 7.851679664061e-04 3.135678391960e-04 9.977997449440e-01
3.195979899497e-04 1.510689470416e-03 3.195979899497e-04 8.739172006651e-04 3.195979899497e-04 9.976153933289e-01
3.256281407035e-04 1.611100987764e-03 3.256281407035e-04 9.707959642252e-04 3.256281407035e-04 9.974181030480e-01
3.316582914573e-04 1.716435550277e-03 3.316582914573e-04 1.076313136454e-03 3.316582914573e-04 9.972072513133e-01
3.376884422111e-04 1.826800407520e-03 3.376884422111e-04 1.190982732978e-03 3.376884422111e-04 9.969822168595e-01
3.437185929648e-04 1.942295427912e-03 3.437185929648e-04 1.315320770558e-03 3.437185929648e-04 9.967423838015e-01
3.497487437186e-04 2.063012378957e-03 3.497487437186e-04 1.449841841671e-03 3.497487437186e-04 9.964871457794e-01
3.557788944724e-04 2.189034214225e-03 3.557788944724e-04 1.595055413712e-03 3.557788944724e-04 9.962159103721e-01
3.618090452261e-04 2.320434371820e-03 3.618090452261e-04 1.751461872868e-03 3.618090452261e-04 9.959281037553e-01
3.678391959799e-04 2.457276089272e-03 3.678391959799e-04 1.919548337892e-03 3.678391959799e-04 9.956231755728e-01
3.738693467337e-04 2.599611739732e-03 3.738693467337e-04 2.099784274262e-03 3.738693467337e-04 9.953006039860e-01
3.798994974874e-04 2.747482194511e-03 3.798994974874e-04 2.292616944128e-03 3.798994974874e-04 9.949599008614e-01
3.859296482412e-04 2.900916216972e-03 3.859296482412e-04 2.498466732724e-03 3.859296482412e-04 9.946006170503e-01
3.919597989950e-04 3.059929892795e-03 3.919597989950e-04 2.717722396192e-03 3.919597989950e-04 9.942223477110e-01
3.979899497487e-04 3.224526101416e-03 3.979899497487e-04 2.950736280142e-03 3.979899497487e-04 9.938247376184e-01
4.040201005025e-04 3.394694033614e-03 4.040201005025e-04 3.197819562147e-03 4.040201005025e-04 9.934074864042e-01
4.100502512563e-04 3.570408759713e-03 4.100502512563e-04 3.459237574242e-03 4.100502512563e-04 9.929703536660e-01
4.160804020101e-04 3.751630852839e-03 4.160804020101e-04 3.735205264078e-03 4.160804020101e-04 9.925131638831e-01
4.221105527638e-04 3.938306071454e-03 4.221105527638e-04 4.025882854953e-03 4.221105527638e-04 9.920358110736e-01
4.281407035176e-04 4.130365104944e-03 4.281407035176e-04 4.331371765782e-03 4.281407035176e-04 9.915382631293e-01
4.341708542714e-04 4.327723385793e-03 4.341708542714e-04 4.651710851601e-03 4.341708542714e-04 9.910205657626e-01
4.402010050251e-04 4.530280971451e-03 4.402010050251e-04 4.986873024608e-03 4.402010050251e-04 9.904828460039e-01
4.462311557789e-04 4.737922498633e-03 4.462311557789e-04 5.336762312940e-03 4.462311557789e-04 9.899253151884e-01
4.522613065327e-04 4.950517212137e-03 4.522613065327e-04 5.701211411493e-03 4.522613065327e-04 9.893482713764e-01
4.582914572864e-04 5.167919070156e-03 4.582914572864e-04 6.079979775023e-03 4.582914572864e-04 9.887521011548e-01
4.643216080402e-04 5.389966927119e-03 4.643216080402e-04 6.472752298219e-03 4.643216080402e-04 9.881372807747e-01
4.703517587940e-04 5.616484794750e-03 4.703517587940e-04 6.879138621539e-03 4.703517587940e-04 9.875043765837e-01
4.763819095477e-04 5.847282181593e-03 4.763819095477e-04 7.298673094489e-03 4.763819095477e-04 9.868540447239e-01
4.824120603015e-04 6.082154510426e-03 4.824120603015e-04 7.730815420401e-03 4.824120603015e-04 9.861870300692e-01
4.884422110553e-04 6.320883612570e-03 4.884422110553e-04 8.174951997976e-03 4.884422110553e-04 9.855041643895e-01
4.944723618090e-04 6.563238297474e-03 4.944723618090e-04 8.630397966356e-03 4.944723618090e-04 9.848063637362e-01
5.005025125628e-04 6.808974995398e-03 5.005025125628e-04 9.096399951045e-03 5.005025125628e-04 9.840946250536e-01
5.065326633166e-04 7.057838470330e-03 5.065326633166e-04 9.572139497822e-03 5.065326633166e-04 9.833700220318e-01
5.125628140704e-04 7.309562599882e-03 5.125628140704e-04 1.005673717324e-02 5.125628140704e-04 9.826337002269e-01
5.185929648241e-04 7.563871218382e-03 5.185929648241e-04 1.054925729982e-02 5.185929648241e-04 9.818868714818e-01
5.246231155779e-04 7.820479018507e-03 5.246231155779e-04 1.104871328543e-02 5.246231155779e-04 9.811308076961e-01
5.306532663317e-04 8.079092506892e-03 5.306532663317e-04 1.155407349713e-02 5.306532663317e-04 9.803668339960e-01
5.366834170854e-04 8.339411008246e-03 5.366834170854e-04 1.206426762219e-02 5.366834170854e-04 9.795963213696e-01
5.427135678392e-04 8.601127712306e-03 5.427135678392e-04 1.257819345079e-02 5.427135678392e-04 9.788206788369e-01
5.487437185930e-04 8.863930757562e-03 5.487437185930e-04 1.309472400935e-02 5.487437185930e-04 9.780413452331e-01
5.547738693467e-04 9.127504345429e-03 5.547738693467e-04 1.361271496777e-02 5.547738693467e-04 9.772597806868e-01
5.608040201005e-04 9.391529878093e-03 5.608040201005e-04 1.413101223878e-02 5.608040201005e-04 9.764774578831e-01
5.668341708543e-04 9.655687113396e-03 5.668341708543e-04 1.464845968641e-02 5.668341708543e-04 9.756958532002e-01
5.728643216080e-04 9.919655329642e-03 5.728643216080e-04 1.516390685677e-02 5.728643216080e-04 9.749164378136e-01
5.788944723618e-04 1.018311449331e-02 5.788944723618e-04 1.567621664598e-02 5.788944723618e-04 9.741406688607e-01
5.849246231156e-04 1.044574642264e-02 5.849246231156e-04 1.618427281954e-02 5.849246231156e-04 9.733699807578e-01
5.909547738693e-04 1.070723593988e-02 5.909547738693e-04 1.668698730037e-02 5.909547738693e-04 9.726057767598e-01
5.969849246231e-04 1.096727200553e-02 5.969849246231e-04 1.718330714666e-02 5.969849246231e-04 9.718494208478e-01
6.030150753769e-04 1.122554882746e-02 6.030150753769e-04 1.767222114482e-02 6.030150753769e-04 9.711022300277e-01
6.090452261307e-04 1.148176693856e-02 6.090452261307e-04 1.815276594891e-02 6.090452261307e-04 9.703654671125e-01
6.150753768844e-04 1.173563423644e-02 6.150753768844e-04 1.862403170520e-02 6.150753768844e-04 9.696403340584e-01
6.211055276382e-04 1.198686697932e-02 6.211055276382e-04 1.908516710776e-02 6.211055276382e-04 9.689279659129e-01
6.271356783920e-04 1.223519073233e-02 6.271356783920e-04 1.953538383959e-02 6.271356783920e-04 9.682294254281e-01
6.331658291457e-04 1.248034125906e-02 6.331658291457e-04 1.997396036293e-02 6.331658291457e-04 9.675456983780e-01
6.391959798995e-04 1.272206535365e-02 6.391959798995e-04 2.040024503196e-02 6.391959798995e-04 9.668776896144e-01
6.452261306533e-04 1.296012160893e-02 6.452261306533e-04 2.081365850981e-02 6.452261306533e-04 9.662262198813e-01
6.512562814070e-04 1.319428111708e-02 6.512562814070e-04 2.121369548263e-02 6.512562814070e-04 9.655920234003e-01
6.572864321608e-04 1.342432809944e-02 6.572864321608e-04 2.159992567211e-02 6.572864321608e-04 9.649757462285e-01
6.633165829146e-04 1.365006046270e-02 6.633165829146e-04 2.197199415718e-02 6.633165829146e-04 9.643779453801e-01
6.693467336683e-04 1.387129027965e-02 6.693467336683e-04 2.232962102467e-02 6.693467336683e-04 9.637990886957e-01
6.753768844221e-04 1.408784419268e-02 6.753768844221e-04 2.267260037645e-02 6.753768844221e-04 9.632395554309e-01
6.814070351759e-04 1.429956373931e-02 6.814070351759e-04 2.300079872819e-02 6.814070351759e-04 9.626996375325e-01
6.874371859296e-04 1.450630559923e-02 6.874371859296e-04 2.331415284144e-02 6.874371859296e-04 9.621795415593e-01
6.934673366834e-04 1.470794176327e-02 6.934673366834e-04 2.361266703670e-02 6.934673366834e-04 9.616793912000e-01
6.994974874372e-04 1.490435962487e-02 6.994974874372e-04 2.389641003914e-02 6.994974874372e-04 9.611992303360e-01
7.055276381910e-04 1.509546199541e-02 7.055276381910e-04 2.416551141347e-02 7.055276381910e-04 9.607390265911e-01
7.115577889447e-04 1.528116704550e-02 7.115577889447e-04 2.442015764613e-02 7.115577889447e-04 9.602986753084e-01
7.175879396985e-04 1.546140817406e-02 7.175879396985e-04 2.466058793539e-02 7.175879396985e-04 9.598780038906e-01
7.236180904523e-04 1.563613380842e-02 7.236180904523e-04 2.488708975030e-02 7.236180904523e-04 9.594767764413e-01
7.296482412060e-04 1.580530713834e-02 7.296482412060e-04 2.509999421921e-02 7.296482412060e-04 9.590946986424e-01
7.356783919598e-04 1.596890578765e-02 7.356783919598e-04 2.529967140745e-02 7.356783919598e-04 9.587314228049e-01
7.417085427136e-04 1.612692142737e-02 7.417085427136e-04 2.548652554174e-02 7.417085427136e-04 9.583865530309e-01
7.477386934673e-04 1.627935933455e-02 7.477386934673e-04 2.566099023615e-02 7.477386934673e-04 9.580596504293e-01
7.537688442211e-04 1.642623790121e-02 7.537688442211e-04 2.582352377097e-02 7.537688442211e-04 9.577502383278e-01
7.597989949749e-04 1.656758809811e-02 7.597989949749e-04 2.597460447188e-02 7.597989949749e-04 9.574578074300e-01
7.658291457286e-04 1.670345289812e-02 7.658291457286e-04 2.611472623238e-02 7.658291457286e-04 9.571818208695e-01
7.718592964824e-04 1.683388666418e-02 7.718592964824e-04 2.624439421770e-02 7.718592964824e-04 9.569217191181e-01
7.778894472362e-04 1.695895450669e-02 7.778894472362e-04 2.636412078336e-02 7.778894472362e-04 9.566769247099e-01
7.839195979899e-04 1.707873161562e-02 7.839195979899e-04 2.647442163627e-02 7.839195979899e-04 9.564468467481e-01
7.899497487437e-04 1.719330257201e-02 7.899497487437e-04 2.657581226126e-02 7.899497487437e-04 9.562308851667e-01
7.959798994975e-04 1.730276064413e-02 7.959798994975e-04 2.666880463064e-02 7.959798994975e-04 9.560284347252e-01
8.020100502513e-04 1.740720707282e-02 8.020100502513e-04 2.675390420942e-02 8.020100502513e-04 9.558388887178e-01
8.080402010050e-04 1.750675035106e-02 8.080402010050e-04 2.683160726394e-02 8.080402010050e-04 9.556616423850e-01
8.140703517588e-04 1.760150550192e-02 8.140703517588e-04 2.690239847727e-02 8.140703517588e-04 9.554960960208e-01
8.201005025126e-04 1.769159335968e-02 8.201005025126e-04 2.696674887041e-02 8.201005025126e-04 9.553416577699e-01
8.261306532663e-04 1.777713985776e-02 8.261306532663e-04 2.702511402454e-02 8.261306532663e-04 9.551977461177e-01
8.321608040201e-04 1.785827532779e-02 8.321608040201e-04 2.707793259621e-02 8.321608040201e-04 9.550637920760e-01
8.381909547739e-04 1.793513381300e-02 8.381909547739e-04 2.712562511424e-02 8.381909547739e-04 9.549392410728e-01
8.442211055276e-04 1.800785239962e-02 8.442211055276e-04 2.716859304468e-02 8.442211055276e-04 9.548235545557e-01
8.502512562814e-04 1.807657056900e-02 8.502512562814e-04 2.720721810793e-02 8.502512562814e-04 9.547162113231e-01
8.562814070352e-04 1.814142957343e-02 8.562814070352e-04 2.724186183071e-02 8.562814070352e-04 9.546167085959e-01
8.623115577889e-04 1.820257183780e-02 8.623115577889e-04 2.727286531396e-02 8.623115577889e-04 9.545245628482e-01
8.683417085427e-04 1.826014038941e-02 8.683417085427e-04 2.730054919717e-02 8.683417085427e-04 9.544393104134e-01
8.743718592965e-04 1.831427831758e-02 8.743718592965e-04 2.732521379911e-02 8.743718592965e-04 9.543605078833e-01
8.804020100503e-04 1.836512826452e-02 8.804020100503e-04 2.734713941477e-02 8.804020100503e-04 9.542877323207e-01
8.864321608040e-04 1.841283194864e-02 8.864321608040e-04 2.736658674849e-02 8.864321608040e-04 9.542205813029e-01
8.924623115578e-04 1.845752972119e-02 8.924623115578e-04 2.738379746379e-02 8.924623115578e-04 9.541586728150e-01
8.984924623116e-04 1.849936015666e-02 8.984924623116e-04 2.739899483103e-02 8.984924623116e-04 9.541016450123e-01
9.045226130653e-04 1.853845967742e-02 9.045226130653e-04 2.741238445495e-02 9.045226130653e-04 9.540491558676e-01
9.105527638191e-04 1.857496221250e-02 9.105527638191e-04 2.742415506533e-02 9.105527638191e-04 9.540008827222e-01
9.165829145729e-04 1.860899889032e-02 9.165829145729e-04 2.743447935479e-02 9.165829145729e-04 9.539565217549e-01
9.226130653266e-04 1.864069776495e-02 9.226130653266e-04 2.744351484969e-02 9.226130653266e-04 9.539157873854e-01
9.286432160804e-04 1.867018357538e-02 9.286432160804e-04 2.745140480060e-02 9.286432160804e-04 9.538784116240e-01
9.346733668342e-04 1.869757753667e-02 9.346733668342e-04 2.745827908097e-02 9.346733668342e-04 9.538441433824e-01
9.407035175879e-04 1.872299716231e-02 9.407035175879e-04 2.746425508338e-02 9.407035175879e-04 9.538127477543e-01
9.467336683417e-04 1.874655611647e-02 9.467336683417e-04 2.746943860449e-02 9.467336683417e-04 9.537840052790e-01
9.527638190955e-04 1.876836409485e-02 9.527638190955e-04 2.747392471081e-02 9.527638190955e-04 9.537577111943e-01
9.587939698492e-04 1.878852673284e-02 9.587939698492e-04 2.747779857897e-02 9.587939698492e-04 9.537336746882e-01
9.648241206030e-04 1.880714553947e-02 9.648241206030e-04 2.748113630507e-02 9.648241206030e-04 9.537117181555e-01
9.708542713568e-04 1.882431785557e-02 9.708542713568e-04 2.748400567893e-02 9.708542713568e-04 9.536916764655e-01
9.768844221106e-04 1.884013683462e-02 9.768844221106e-04 2.748646692005e-02 9.768844221106e-04 9.536733962453e-01
9.829145728643e-04 1.885469144459e-02 9.829145728643e-04 2.748857337304e-02 9.829145728643e-04 9.536567351824e-01
9.889447236181e-04 1.886806648912e-02 9.889447236181e-04 2.749037216096e-02 9.889447236181e-04 9.536415613499e-01
9.949748743719e-04 1.888034264645e-02 9.949748743719e-04 2.749190479597e-02 9.949748743719e-04 9.536277525576e-01
1.001005025126e-03 1.889159652433e-02 1.001005025126e-03 2.749320774702e-02 1.001005025126e-03 9.536151957286e-01
1.007035175879e-03 1.890190072945e-02 1.007035175879e-03 2.749431296526e-02 1.007035175879e-03 9.536037863053e-01
1.013065326633e-03 1.891132394957e-02 1.013065326633e-03 2.749524836786e-02 1.013065326633e-03 9.535934276826e-01
1.019095477387e-03 1.891993104704e-02 1.019095477387e-03 2.749603828163e-02 1.019095477387e-03 9.535840306713e-01
1.025125628141e-03 1.892778316200e-02 1.025125628141e-03 2.749670384801e-02 1.025125628141e-03 9.535755129900e-01
1.031155778894e-03 1.893493782402e-02 1.031155778894e-03 2.749726339125e-02 1.031155778894e-03 9.535677987847e-01
1.037185929648e-03 1.894144907056e-02 1.037185929648e-03 2.749773275173e-02 1.037185929648e-03 9.535608181777e-01
1.043216080402e-03 1.894736757122e-02 1.043216080402e-03 2.749812558654e-02 1.043216080402e-03 9.535545068422e-01
1.049246231156e-03 1.895274075637e-02 1.049246231156e-03 2.749845363952e-02 1.049246231156e-03 9.535488056041e-01
1.055276381910e-03 1.895761294904e-02 1.055276381910e-03 2.749872698293e-02 1.055276381910e-03 9.535436600680e-01
1.061306532663e-03 1.896202549912e-02 1.061306532663e-03 2.749895423289e-02 1.061306532663e-03 9.535390202680e-01
1.067336683417e-03 1.896601691871e-02 1.067336683417e-03 2.749914274080e-02 1.067336683417e-03 9.535348403405e-01
1.073366834171e-03 1.896962301787e-02 1.073366834171e-03 2.749929876283e-02 1.073366834171e-03 9.535310782193e-01
1.079396984925e-03 1.897287703991e-02 1.079396984925e-03 2.749942760941e-02 1.079396984925e-03 9.535276953507e-01
1.085427135678e-03 1.897580979542e-02 1.085427135678e-03 2.749953377663e-02 1.085427135678e-03 9.535246564280e-01
1.091457286432e-03 1.897844979448e-02 1.091457286432e-03 2.749962106141e-02 1.091457286432e-03 9.535219291441e-01
1.097487437186e-03 1.898082337642e-02 1.097487437186e-03 2.749969266210e-02 1.097487437186e-03 9.535194839615e-01
1.103517587940e-03 1.898295483663e-02 1.103517587940e-03 2.749975126600e-02 1.103517587940e-03 9.535172938974e-01
1.109547738693e-03 1.898486654999e-02 1.109547738693e-03 2.749979912531e-02 1.109547738693e-03 9.535153343247e-01
1.115577889447e-03 1.898657909054e-02 1.115577889447e-03 2.749983812281e-02 1.115577889447e-03 9.535135827866e-01
1.121608040201e-03 1.898811134713e-02 1.121608040201e-03 2.749986982855e-02 1.121608040201e-03 9.535120188243e-01
1.127638190955e-03 1.898948063472e-02 1.127638190955e-03 2.749989554846e-02 1.127638190955e-03 9.535106238168e-01
1.133668341709e-03 1.899070280127e-02 1.133668341709e-03 2.749991636611e-02 1.133668341709e-03 9.535093808326e-01
1.139698492462e-03 1.899179232994e-02 1.139698492462e-03 2.749993317830e-02 1.139698492462e-03 9.535082744918e-01
1.145728643216e-03 1.899276243656e-02 1.145728643216e-03 2.749994672545e-02 1.145728643216e-03 9.535072908380e-01
1.151758793970e-03 1.899362516243e-02 1.151758793970e-03 2.749995761730e-02 1.151758793970e-03 9.535064172203e-01
1.157788944724e-03 1.899439146224e-02 1.157788944724e-03 2.749996635479e-02 1.157788944724e-03 9.535056421830e-01
1.163819095477e-03 1.899507128728e-02 1.163819095477e-03 2.749997334840e-02 1.163819095477e-03 9.535049553643e-01
1.169849246231e-03 1.899567366395e-02 1.169849246231e-03 2.749997893370e-02 1.169849246231e-03 9.535043474023e-01
1.175879396985e-03 1.899620676762e-02 1.175879396985e-03 2.749998338435e-02 1.175879396985e-03 9.535038098480e-01
1.181909547739e-03 1.899667799200e-02 1.181909547739e-03 2.749998692294e-02 1.181909547739e-03 9.535033350851e-01
1.187939698492e-03 1.899709401406e-02 1.187939698492e-03 2.749998973011e-02 1.187939698492e-03 9.535029162558e-01
1.193969849246e-03 1.899746085477e-02 1.193969849246e-03 2.749999195206e-02 1.193969849246e-03 9.535025471932e-01
1.200000000000e-03 1.899778393563e-02 1.200000000000e-03 2.749999370689e-02 1.200000000000e-03 9.535022223575e-01
