0.000000000000e+00 5.023013393472e-04 0.000000000000e+00 2.739996146229e-02 0.000000000000e+00 9.720977371984e-01
6.030150753769e-06 5.027016118660e-04 6.030150753769e-06 2.739995039717e-02 6.030150753769e-06 9.720973479910e-01
1.206030150754e-05 5.031666313580e-04 1.206030150754e-05 2.739993632084e-02 1.206030150754e-05 9.720968970478e-01
1.809045226131e-05 5.037059957487e-04 1.809045226131e-05 2.739991846215e-02 1.809045226131e-05 9.720963755421e-01
2.412060301508e-05 5.043305772448e-04 2.412060301508e-05 2.739989586587e-02 2.412060301508e-05 9.720957735569e-01
3.015075376884e-05 5.050526678371e-04 3.015075376884e-05 2.739986735233e-02 3.015075376884e-05 9.720950799798e-01
3.618090452261e-05 5.058861378709e-04 3.618090452261e-05 2.739983146901e-02 3.618090452261e-05 9.720942823931e-01
4.221105527638e-05 5.068466083549e-04 4.221105527638e-05 2.739978643289e-02 4.221105527638e-05 9.720933669588e-01
4.824120603015e-05 5.079516376365e-04 4.824120603015e-05 2.739973006180e-02 4.824120603015e-05 9.720923183006e-01
5.427135678392e-05 5.092209230217e-04 5.427135678392e-05 2.739965969318e-02 5.427135678392e-05 9.720911193838e-01
6.030150753769e-05 5.106765178461e-04 6.030150753769e-05 2.739957208823e-02 6.030150753769e-05 9.720897513939e-01
6.633165829146e-05 5.123430644231e-04 6.633165829146e-05 2.739946331918e-02 6.633165829146e-05 9.720881936164e-01
7.236180904523e-05 5.142480431890e-04 7.236180904523e-05 2.739932863733e-02 7.236180904523e-05 9.720864233195e-01
7.839195979899e-05 5.164220382462e-04 7.839195979899e-05 2.739916231910e-02 7.839195979899e-05 9.720844156427e-01
8.442211055276e-05 5.188990193620e-04 8.442211055276e-05 2.739895748713e-02 8.442211055276e-05 9.720821434935e-01
9.045226130653e-05 5.217166403191e-04 9.045226130653e-05 2.739870590333e-02 9.045226130653e-05 9.720795774563e-01
9.648241206030e-05 5.249165533292e-04 9.648241206030e-05 2.739839773028e-02 9.648241206030e-05 9.720766857164e-01
1.025125628141e-04 5.285447390139e-04 1.025125628141e-04 2.739802125739e-02 1.025125628141e-04 9.720734340036e-01
1.085427135678e-04 5.326518512283e-04 1.085427135678e-04 2.739756258793e-02 1.085427135678e-04 9.720697855608e-01
1.145728643216e-04 5.372935757488e-04 1.145728643216e-04 2.739700528285e-02 1.145728643216e-04 9.720657011414e-01
1.206030150754e-04 5.425310015765e-04 1.206030150754e-04 2.739632995721e-02 1.206030150754e-04 9.720611390412e-01
1.266331658291e-04 5.484310033064e-04 1.266331658291e-04 2.739551382496e-02 1.266331658291e-04 9.720560551717e-01
1.326633165829e-04 5.550666327027e-04 1.326633165829e-04 2.739453018785e-02 1.326633165829e-04 9.720504031794e-01
1.386934673367e-04 5.625175172833e-04 1.386934673367e-04 2.739334786433e-02 1.386934673367e-04 9.720441346184e-01
1.447236180905e-04 5.708702633675e-04 1.447236180905e-04 2.739193055444e-02 1.447236180905e-04 9.720371991822e-01
1.507537688442e-04 5.802188606784e-04 1.507537688442e-04 2.739023613719e-02 1.507537688442e-04 9.720295450021e-01
1.567839195980e-04 5.906650852168e-04 1.567839195980e-04 2.738821589713e-02 1.567839195980e-04 9.720211190177e-01
1.628140703518e-04 6.023188967485e-04 1.628140703518e-04 2.738581367783e-02 1.628140703518e-04 9.720118674254e-01
1.688442211055e-04 6.152988268570e-04 1.688442211055e-04 2.738296496031e-02 1.688442211055e-04 9.720017362128e-01
1.748743718593e-04 6.297323531511e-04 1.748743718593e-04 2.737959586586e-02 1.748743718593e-04 9.719906717810e-01
1.809045226131e-04 6.457562548301e-04 1.809045226131e-04 2.737562208379e-02 1.809045226131e-04 9.719786216614e-01
1.869346733668e-04 6.635169444742e-04 1.869346733668e-04 2.737094772581e-02 1.869346733668e-04 9.719655353297e-01
1.929648241206e-04 6.831707705833e-04 1.929648241206e-04 2.736546411084e-02 1.929648241206e-04 9.719513651186e-01
1.989949748744e-04 7.048842850888e-04 1.989949748744e-04 2.735904848540e-02 1.989949748744e-04 9.719360672295e-01
2.050251256281e-04 7.288344697992e-04 2.050251256281e-04 2.735156268728e-02 2.050251256281e-04 9.719196028429e-01
2.110552763819e-04 7.552089155096e-04 2.110552763819e-04 2.734285176212e-02 2.110552763819e-04 9.719019393224e-01
2.170854271357e-04 7.842059473418e-04 2.170854271357e-04 2.733274254518e-02 2.170854271357e-04 9.718830515075e-01
2.231155778894e-04 8.160346897499e-04 2.231155778894e-04 2.732104222322e-02 2.231155778894e-04 9.718629230870e-01
2.291457286432e-04 8.509150646125e-04 2.291457286432e-04 2.730753689412e-02 2.291457286432e-04 9.718415480413e-01
2.351758793970e-04 8.890777158116e-04 2.351758793970e-04 2.729199014492e-02 2.351758793970e-04 9.718189321393e-01
2.412060301508e-04 9.307638538498e-04 2.412060301508e-04 2.727414167155e-02 2.412060301508e-04 9.717950944746e-01
2.472361809045e-04 9.762250142271e-04 2.472361809045e-04 2.725370596670e-02 2.472361809045e-04 9.717700690191e-01
2.532663316583e-04 1.025722723580e-03 2.532663316583e-04 2.723037110509e-02 2.532663316583e-04 9.717439061713e-01
2.592964824121e-04 1.079528067996e-03 2.592964824121e-04 2.720379765766e-02 2.592964824121e-04 9.717166742743e-01
2.653266331658e-04 1.137921158373e-03 2.653266331658e-04 2.717361776903e-02 2.653266331658e-04 9.716884610726e-01
2.713567839196e-04 1.201190488307e-03 2.713567839196e-04 2.713943443428e-02 2.713567839196e-04 9.716593750774e-01
2.773869346734e-04 1.269632180654e-03 2.773869346734e-04 2.710082101280e-02 2.773869346734e-04 9.716295468065e-01
2.834170854271e-04 1.343549119770e-03 2.834170854271e-04 2.705732101796e-02 2.834170854271e-04 9.715991298623e-01
2.894472361809e-04 1.423249967259e-03 2.894472361809e-04 2.700844822170e-02 2.894472361809e-04 9.715683018110e-01
2.954773869347e-04 1.509048060127e-03 2.954773869347e-04 2.695368711296e-02 2.954773869347e-04 9.715372648269e-01
3.015075376884e-04 1.601260191308e-03 3.015075376884e-04 2.689249374735e-02 3.015075376884e-04 9.715062460613e-01
3.075376884422e-04 1.700205273712e-03 3.075376884422e-04 2.682429702385e-02 3.075376884422e-04 9.714754977024e-01
3.135678391960e-04 1.806202890226e-03 3.135678391960e-04 2.674850042094e-02 3.135678391960e-04 9.714452966888e-01
3.195979899497e-04 1.919571733375e-03 3.195979899497e-04 2.666448422067e-02 3.195979899497e-04 9.714159440460e-01
3.256281407035e-04 2.040627939842e-03 3.256281407035e-04 2.657160824414e-02 3.256281407035e-04 9.713877638160e-01
3.316582914573e-04 2.169683326331e-03 3.316582914573e-04 2.646921511562e-02 3.316582914573e-04 9.713611015580e-01
3.376884422111e-04 2.307043534792e-03 3.376884422111e-04 2.635663406570e-02 3.376884422111e-04 9.713363223995e-01
3.437185929648e-04 2.453006096506e-03 3.437185929648e-04 2.623318527529e-02 3.437185929648e-04 9.713138086282e-01
3.497487437186e-04 2.607858425833e-03 3.497487437186e-04 2.609818475389e-02 3.497487437186e-04 9.712939568203e-01
3.557788944724e-04 2.771875755992e-03 3.557788944724e-04 2.595094973541e-02 3.557788944724e-04 9.712771745086e-01
3.618090452261e-04 2.945319030469e-03 3.618090452261e-04 2.579080456457e-02 3.618090452261e-04 9.712638764050e-01
3.678391959799e-04 3.128432765017e-03 3.678391959799e-04 2.561708703628e-02 3.678391959799e-04 9.712544801987e-01
3.738693467337e-04 3.321442896247e-03 3.738693467337e-04 2.542915513896e-02 3.738693467337e-04 9.712494019648e-01
3.798994974874e-04 3.524554634121e-03 3.798994974874e-04 2.522639414212e-02 3.798994974874e-04 9.712490512238e-01
3.859296482412e-04 3.737950336243e-03 3.859296482412e-04 2.500822395725e-02 3.859296482412e-04 9.712538257065e-01
3.919597989950e-04 3.961787422859e-03 3.919597989950e-04 2.477410669112e-02 3.919597989950e-04 9.712641058860e-01
3.979899497487e-04 4.196196352029e-03 3.979899497487e-04 2.452355430042e-02 3.979899497487e-04 9.712802493476e-01
4.040201005025e-04 4.441278674612e-03 4.040201005025e-04 2.425613624863e-02 4.040201005025e-04 9.713025850768e-01
4.100502512563e-04 4.697105189158e-03 4.100502512563e-04 2.397148705848e-02 4.100502512563e-04 9.713314077524e-01
4.160804020101e-04 4.963714216543e-03 4.160804020101e-04 2.366931364740e-02 4.160804020101e-04 9.713669721361e-01
4.221105527638e-04 5.241110014028e-03 4.221105527638e-04 2.334940233000e-02 4.221105527638e-04 9.714094876560e-01
4.281407035176e-04 5.529261347761e-03 4.281407035176e-04 2.301162536906e-02 4.281407035176e-04 9.714591132832e-01
4.341708542714e-04 5.828100242156e-03 4.341708542714e-04 2.265594695724e-02 4.341708542714e-04 9.715159528006e-01
4.402010050251e-04 6.137520923433e-03 4.402010050251e-04 2.228242851392e-02 4.402010050251e-04 9.715800505626e-01
4.462311557789e-04 6.457378973312e-03 4.462311557789e-04 2.189123318694e-02 4.462311557789e-04 9.716513878398e-01
4.522613065327e-04 6.787490707661e-03 4.522613065327e-04 2.148262945565e-02 4.522613065327e-04 9.717298798367e-01
4.582914572864e-04 7.127632792714e-03 4.582914572864e-04 2.105699374229e-02 4.582914572864e-04 9.718153734650e-01
4.643216080402e-04 7.477542110049e-03 4.643216080402e-04 2.061481194994e-02 4.643216080402e-04 9.719076459400e-01
4.703517587940e-04 7.836915879081e-03 4.703517587940e-04 2.015667985968e-02 4.703517587940e-04 9.720064042612e-01
4.763819095477e-04 8.205412043719e-03 4.763819095477e-04 1.968330233588e-02 4.763819095477e-04 9.721112856204e-01
4.824120603015e-04 8.582649927337e-03 4.824120603015e-04 1.919549130548e-02 4.824120603015e-04 9.722218587672e-01
4.884422110553e-04 8.968211157688e-03 4.884422110553e-04 1.869416249702e-02 4.884422110553e-04 9.723376263453e-01
4.944723618090e-04 9.361640860983e-03 4.944723618090e-04 1.818033094394e-02 4.944723618090e-04 9.724580281951e-01
5.005025125628e-04 9.762449121223e-03 5.005025125628e-04 1.765510527821e-02 5.005025125628e-04 9.725824456006e-01
5.065326633166e-04 1.017011269873e-02 5.065326633166e-04 1.711968086017e-02 5.065326633166e-04 9.727102064411e-01
5.125628140704e-04 1.058407699879e-02 5.125628140704e-04 1.657533181054e-02 5.125628140704e-04 9.728405911907e-01
5.185929648241e-04 1.100375827877e-02 5.185929648241e-04 1.602340203083e-02 5.185929648241e-04 9.729728396904e-01
5.246231155779e-04 1.142854607969e-02 5.246231155779e-04 1.546529531540e-02 5.246231155779e-04 9.731061586049e-01
5.306532663317e-04 1.185780586558e-02 5.306532663317e-04 1.490246467584e-02 5.306532663317e-04 9.732397294586e-01
5.366834170854e-04 1.229088185194e-02 5.366834170854e-04 1.433640101233e-02 5.366834170854e-04 9.733727171357e-01
5.427135678392e-04 1.272710000219e-02 5.427135678392e-04 1.376862127914e-02 5.427135678392e-04 9.735042787187e-01
5.487437185930e-04 1.316577116979e-02 5.487437185930e-04 1.320065630025e-02 5.487437185930e-04 9.736335725300e-01
5.547738693467e-04 1.360619436106e-02 5.547738693467e-04 1.263403839852e-02 5.547738693467e-04 9.737597672404e-01
5.608040201005e-04 1.404766009362e-02 5.608040201005e-04 1.207028900468e-02 5.608040201005e-04 9.738820509017e-01
5.668341708543e-04 1.448945382307e-02 5.668341708543e-04 1.151090641274e-02 5.668341708543e-04 9.739996397642e-01
5.728643216080e-04 1.493085941087e-02 5.728643216080e-04 1.095735384638e-02 5.728643216080e-04 9.741117867428e-01
5.788944723618e-04 1.537116260488e-02 5.788944723618e-04 1.041104799427e-02 5.788944723618e-04 9.742177894008e-01
5.849246231156e-04 1.580965450481e-02 5.849246231156e-04 9.873348163797e-03 5.849246231156e-04 9.743169973314e-01
5.909547738693e-04 1.624563498434e-02 5.909547738693e-04 9.345546191283e-03 5.909547738693e-04 9.744088188244e-01
5.969849246231e-04 1.667841604233e-02 5.969849246231e-04 8.828857232760e-03 5.969849246231e-04 9.744927267249e-01
6.030150753769e-04 1.710732505673e-02 6.030150753769e-04 8.324411543113e-03 6.030150753769e-04 9.745682634002e-01
6.090452261307e-04 1.753170791518e-02 6.090452261307e-04 7.833247333840e-03 6.090452261307e-04 9.746350447510e-01
6.150753768844e-04 1.795093199827e-02 6.150753768844e-04 7.356304780593e-03 6.150753768844e-04 9.746927632211e-01
6.211055276382e-04 1.836438899292e-02 6.211055276382e-04 6.894421231117e-03 6.211055276382e-04 9.747411897760e-01
6.271356783920e-04 1.877149751491e-02 6.271356783920e-04 6.448327644548e-03 6.271356783920e-04 9.747801748405e-01
6.331658291457e-04 1.917170552223e-02 6.331658291457e-04 6.018646271718e-03 6.331658291457e-04 9.748096482061e-01
6.391959798995e-04 1.956449250265e-02 6.391959798995e-04 5.605889566632e-03 6.391959798995e-04 9.748296179307e-01
6.452261306533e-04 1.994937142183e-02 6.452261306533e-04 5.210460299777e-03 6.452261306533e-04 9.748401682784e-01
6.512562814070e-04 2.032589042024e-02 6.512562814070e-04 4.832652826146e-03 6.512562814070e-04 9.748414567536e-01
6.572864321608e-04 2.069363425058e-02 6.572864321608e-04 4.472655444191e-03 6.572864321608e-04 9.748337103052e-01
6.633165829146e-04 2.105222544923e-02 6.633165829146e-04 4.130553767525e-03 6.633165829146e-04 9.748172207832e-01
6.693467336683e-04 2.140132523851e-02 6.693467336683e-04 3.806335018667e-03 6.693467336683e-04 9.747923397428e-01
6.753768844221e-04 2.174063415902e-02 6.753768844221e-04 3.499893143694e-03 6.753768844221e-04 9.747594726973e-01
6.814070351759e-04 2.206989243391e-02 6.814070351759e-04 3.211034638935e-03 6.814070351759e-04 9.747190729272e-01
6.874371859296e-04 2.238888006945e-02 6.874371859296e-04 2.939484975204e-03 6.874371859296e-04 9.746716349553e-01
6.934673366834e-04 2.269741669870e-02 6.934673366834e-04 2.684895502049e-03 6.934673366834e-04 9.746176877992e-01
6.994974874372e-04 2.299536117740e-02 6.994974874372e-04 2.446850713574e-03 6.994974874372e-04 9.745577881090e-01
7.055276381910e-04 2.328261094308e-02 7.055276381910e-04 2.224875758899e-03 7.055276381910e-04 9.744925132980e-01
7.115577889447e-04 2.355910115061e-02 7.115577889447e-04 2.018444083853e-03 7.115577889447e-04 9.744224547655e-01
7.175879396985e-04 2.382480359877e-02 7.175879396985e-04 1.826985095552e-03 7.175879396985e-04 9.743482113057e-01
7.236180904523e-04 2.407972546404e-02 7.236180904523e-04 1.649891748831e-03 7.236180904523e-04 9.742703827871e-01
7.296482412060e-04 2.432390785913e-02 7.296482412060e-04 1.486527961428e-03 7.296482412060e-04 9.741895641794e-01
7.356783919598e-04 2.455742423454e-02 7.356783919598e-04 1.336235774449e-03 7.356783919598e-04 9.741063399910e-01
7.417085427136e-04 2.478037864240e-02 7.417085427136e-04 1.198342184806e-03 7.417085427136e-04 9.740212791728e-01
7.477386934673e-04 2.499290388217e-02 7.477386934673e-04 1.072165587028e-03 7.477386934673e-04 9.739349305308e-01
7.537688442211e-04 2.519515954818e-02 7.537688442211e-04 9.570217729749e-04 7.537688442211e-04 9.738478186788e-01
7.597989949749e-04 2.538732999901e-02 7.597989949749e-04 8.522294490333e-04 7.597989949749e-04 9.737604405520e-01
7.658291457286e-04 2.556962226823e-02 7.658291457286e-04 7.571152413068e-04 7.658291457286e-04 9.736732624905e-01
7.718592964824e-04 2.574226393628e-02 7.718592964824e-04 6.710181696850e-04 7.718592964824e-04 9.735867178940e-01
7.778894472362e-04 2.590550098184e-02 7.778894472362e-04 5.932935817526e-04 7.778894472362e-04 9.735012054364e-01
7.839195979899e-04 2.605959563098e-02 7.839195979899e-04 5.233165464853e-04 7.839195979899e-04 9.734170878225e-01
7.899497487437e-04 2.620482422097e-02 7.899497487437e-04 4.604847160956e-04 7.899497487437e-04 9.733346910629e-01
7.959798994975e-04 2.634147509491e-02 7.959798994975e-04 4.042206717245e-04 7.959798994975e-04 9.732543042334e-01
8.020100502513e-04 2.646984654179e-02 8.020100502513e-04 3.539737750014e-04 8.020100502513e-04 9.731761796832e-01
8.080402010050e-04 2.659024479583e-02 8.080402010050e-04 3.092215528580e-04 8.080402010050e-04 9.731005336513e-01
8.140703517588e-04 2.670298210683e-02 8.140703517588e-04 2.694706472348e-04 8.140703517588e-04 9.730275472459e-01
8.201005025126e-04 2.680837489279e-02 8.201005025126e-04 2.342573646143e-04 8.201005025126e-04 9.729573677426e-01
8.261306532663e-04 2.690674198371e-02 8.261306532663e-04 2.031478625609e-04 8.261306532663e-04 9.728901101537e-01
8.321608040201e-04 2.699840296471e-02 8.321608040201e-04 1.757380118898e-04 8.321608040201e-04 9.728258590234e-01
8.381909547739e-04 2.708367662482e-02 8.381909547739e-04 1.516529735699e-04 8.381909547739e-04 9.727646704016e-01
8.442211055276e-04 2.716287951642e-02 8.442211055276e-04 1.305465292629e-04 8.442211055276e-04 9.727065739543e-01
8.502512562814e-04 2.723632462898e-02 8.502512562814e-04 1.121002035444e-04 8.502512562814e-04 9.726515751675e-01
8.562814070352e-04 2.730432017946e-02 8.562814070352e-04 9.602221435908e-05 8.562814070352e-04 9.725996576062e-01
8.623115577889e-04 2.736716852038e-02 8.623115577889e-04 8.204628638773e-05 8.623115577889e-04 9.725507851932e-01
8.683417085427e-04 2.742516516539e-02 8.683417085427e-04 6.993035967738e-05 8.683417085427e-04 9.725049044749e-01
8.743718592965e-04 2.747859793118e-02 8.743718592965e-04 5.945522334888e-05 8.743718592965e-04 9.724619468455e-01
8.804020100503e-04 2.752774619360e-02 8.804020100503e-04 5.042310140799e-05 8.804020100503e-04 9.724218307050e-01
8.864321608040e-04 2.757288025467e-02 8.864321608040e-04 4.265621482995e-05 8.864321608040e-04 9.723844635305e-01
8.924623115578e-04 2.761426081680e-02 8.924623115578e-04 3.599534117158e-05 8.924623115578e-04 9.723497438420e-01
8.984924623116e-04 2.765213855952e-02 8.984924623116e-04 3.029839007395e-05 8.984924623116e-04 9.723175630504e-01
9.045226130653e-04 2.768675381361e-02 9.045226130653e-04 2.543901021706e-05 9.045226130653e-04 9.722878071762e-01
9.105527638191e-04 2.771833632692e-02 9.105527638191e-04 2.130524059903e-05 9.105527638191e-04 9.722603584325e-01
9.165829145729e-04 2.774710511597e-02 9.165829145729e-04 1.779821649288e-05 9.165829145729e-04 9.722350966675e-01
9.226130653266e-04 2.777326839699e-02 9.226130653266e-04 1.483093809124e-05 9.226130653266e-04 9.722119006649e-01
9.286432160804e-04 2.779702358982e-02 9.286432160804e-04 1.232710772621e-05 9.286432160804e-04 9.721906493025e-01
9.346733668342e-04 2.781855738830e-02 9.346733668342e-04 1.022003963297e-05 9.346733668342e-04 9.721712225721e-01
9.407035175879e-04 2.783804589033e-02 9.407035175879e-04 8.451644537659e-06 9.407035175879e-04 9.721535024651e-01
9.467336683417e-04 2.785565478124e-02 9.467336683417e-04 6.971489884319e-06 9.467336683417e-04 9.721373737289e-01
9.527638190955e-04 2.787153956391e-02 9.527638190955e-04 5.735935260948e-06 9.527638190955e-04 9.721227245008e-01
9.587939698492e-04 2.788584582945e-02 9.587939698492e-04 4.707341542953e-06 9.587939698492e-04 9.721094468290e-01
9.648241206030e-04 2.789870956242e-02 9.648241206030e-04 3.853351421116e-06 9.648241206030e-04 9.720974370862e-01
9.708542713568e-04 2.791025747482e-02 9.708542713568e-04 3.146238311578e-06 9.708542713568e-04 9.720865962869e-01
9.768844221106e-04 2.792060736342e-02 9.768844221106e-04 2.562320137272e-06 9.768844221106e-04 9.720768303164e-01
9.829145728643e-04 2.792986848530e-02 9.829145728643e-04 2.081434109534e-06 9.829145728643e-04 9.720680500806e-01
9.889447236181e-04 2.793814194688e-02 9.889447236181e-04 1.686468405069e-06 9.889447236181e-04 9.720601715847e-01
9.949748743719e-04 2.794552110199e-02 9.949748743719e-04 1.362946510739e-06 9.949748743719e-04 9.720531159515e-01
1.001005025126e-03 2.795209195503e-02 1.001005025126e-03 1.098659980624e-06 1.001005025126e-03 9.720468093850e-01
1.007035175879e-03 2.795793356556e-02 1.007035175879e-03 8.833453985294e-07 1.007035175879e-03 9.720411830890e-01
1.013065326633e-03 2.796311845110e-02 1.013065326633e-03 7.084014520022e-07 1.013065326633e-03 9.720361731474e-01
1.019095477387e-03 2.796771298519e-02 1.019095477387e-03 5.666421853887e-07 1.019095477387e-03 9.720317203726e-01
1.025125628141e-03 2.797177778829e-02 1.025125628141e-03 4.520826989672e-07 1.025125628141e-03 9.720277701290e-01
1.031155778894e-03 2.797536810928e-02 1.031155778894e-03 3.597537864691e-07 1.031155778894e-03 9.720242721369e-01
1.037185929648e-03 2.797853419576e-02 1.037185929648e-03 2.855422463789e-07 1.037185929648e-03 9.720211802620e-01
1.043216080402e-03 2.798132165161e-02 1.043216080402e-03 2.260538542777e-07 1.043216080402e-03 9.720184522945e-01
1.049246231156e-03 2.798377178063e-02 1.049246231156e-03 1.784962379674e-07 1.049246231156e-03 9.720160497231e-01
1.055276381910e-03 2.798592191518e-02 1.055276381910e-03 1.405791488981e-07 1.055276381910e-03 9.720139375057e-01
1.061306532663e-03 2.798780572932e-02 1.061306532663e-03 1.104298678160e-07 1.061306532663e-03 9.720120838408e-01
1.067336683417e-03 2.798945353576e-02 1.067336683417e-03 8.652171657256e-08 1.067336683417e-03 9.720104599425e-01
1.073366834171e-03 2.799089256651e-02 1.073366834171e-03 6.761386909734e-08 1.073366834171e-03 9.720090398196e-01
1.079396984925e-03 2.799214723698e-02 1.079396984925e-03 5.270086120279e-08 1.079396984925e-03 9.720078000622e-01
1.085427135678e-03 2.799323939383e-02 1.085427135678e-03 4.097038974055e-08 1.085427135678e-03 9.720067196358e-01
1.091457286432e-03 2.799418854651e-02 1.091457286432e-03 3.176816684713e-08 1.091457286432e-03 9.720057796853e-01
1.097487437186e-03 2.799501208305e-02 1.097487437186e-03 2.456875378837e-08 1.097487437186e-03 9.720049633482e-01
1.103517587940e-03 2.799572547039e-02 1.103517587940e-03 1.895144243619e-08 1.103517587940e-03 9.720042555782e-01
1.109547738693e-03 2.799634243983e-02 1.109547738693e-03 1.458038047242e-08 1.109547738693e-03 9.720036429798e-01
1.115577889447e-03 2.799687515816e-02 1.115577889447e-03 1.118825044416e-08 1.115577889447e-03 9.720031136536e-01
1.121608040201e-03 2.799733438509e-02 1.121608040201e-03 8.562913315913e-09 1.121608040201e-03 9.720026570520e-01
1.127638190955e-03 2.799772961773e-02 1.127638190955e-03 6.536515384514e-09 1.127638190955e-03 9.720022638458e-01
1.133668341709e-03 2.799806922265e-02 1.133668341709e-03 4.976634462167e-09 1.133668341709e-03 9.720019258007e-01
1.139698492462e-03 2.799836055645e-02 1.139698492462e-03 3.779107717733e-09 1.139698492462e-03 9.720016356644e-01
1.145728643216e-03 2.799861007539e-02 1.145728643216e-03 2.862241312018e-09 1.145728643216e-03 9.720013870624e-01
1.151758793970e-03 2.799882343484e-02 1.151758793970e-03 2.162151180318e-09 1.151758793970e-03 9.720011744030e-01
1.157788944724e-03 2.799900557930e-02 1.157788944724e-03 1.629026340905e-09 1.157788944724e-03 9.720009927917e-01
1.163819095477e-03 2.799916082365e-02 1.163819095477e-03 1.224142041206e-09 1.163819095477e-03 9.720008379522e-01
1.169849246231e-03 2.799929292624e-02 1.169849246231e-03 9.174799982248e-10 1.169849246231e-03 9.720007061563e-01
1.175879396985e-03 2.799940515461e-02 1.175879396985e-03 6.858386046582e-10 1.175879396985e-03 9.720005941596e-01
1.181909547739e-03 2.799950034424e-02 1.181909547739e-03 5.113370213361e-10 1.181909547739e-03 9.720004991444e-01
1.187939698492e-03 2.799958095117e-02 1.187939698492e-03 3.802349234083e-10 1.187939698492e-03 9.720004186686e-01
1.193969849246e-03 2.799964909882e-02 1.193969849246e-03 2.820042845075e-10 1.193969849246e-03 9.720003506192e-01
1.200000000000e-03 2.799970661964e-02 1.200000000000e-03 2.086016984149e-10 1.200000000000e-03 9.720002931718e-01
