0.000000000000e+00 1.889944848028e-02 0.000000000000e+00 2.629999999542e-02 0.000000000000e+00 9.548005515243e-01
4.020100502513e-06 1.889934401439e-02 4.020100502513e-06 2.629999999316e-02 4.020100502513e-06 9.548006559924e-01
8.040201005025e-06 1.889922101372e-02 8.040201005025e-06 2.629999998982e-02 8.040201005025e-06 9.548007789965e-01
1.206030150754e-05 1.889907643366e-02 1.206030150754e-05 2.629999998491e-02 1.206030150754e-05 9.548009235814e-01
1.608040201005e-05 1.889890677456e-02 1.608040201005e-05 2.629999997772e-02 1.608040201005e-05 9.548010932477e-01
2.010050251256e-05 1.889870802151e-02 2.010050251256e-05 2.629999996722e-02 2.010050251256e-05 9.548012920113e-01
2.412060301508e-05 1.889847557752e-02 2.412060301508e-05 2.629999995197e-02 2.412060301508e-05 9.548015244705e-01
2.814070351759e-05 1.889820418947e-02 2.814070351759e-05 2.629999992988e-02 2.814070351759e-05 9.548017958807e-01
3.216080402010e-05 1.889788786629e-02 3.216080402010e-05 2.629999989804e-02 3.216080402010e-05 9.548021122357e-01
3.618090452261e-05 1.889751978888e-02 3.618090452261e-05 2.629999985230e-02 3.618090452261e-05 9.548024803588e-01
4.020100502513e-05 1.889709221102e-02 4.020100502513e-05 2.629999978686e-02 4.020100502513e-05 9.548029080021e-01
4.422110552764e-05 1.889659635097e-02 4.422110552764e-05 2.629999969361e-02 4.422110552764e-05 9.548034039554e-01
4.824120603015e-05 1.889602227296e-02 4.824120603015e-05 2.629999956124e-02 4.824120603015e-05 9.548039781658e-01
5.226130653266e-05 1.889535875821e-02 5.226130653266e-05 2.629999937408e-02 5.226130653266e-05 9.548046418677e-01
5.628140703518e-05 1.889459316490e-02 5.628140703518e-05 2.629999911049e-02 5.628140703518e-05 9.548054077246e-01
6.030150753769e-05 1.889371127664e-02 6.030150753769e-05 2.629999874073e-02 6.030150753769e-05 9.548062899826e-01
6.432160804020e-05 1.889269713910e-02 6.432160804020e-05 2.629999822405e-02 6.432160804020e-05 9.548073046368e-01
6.834170854271e-05 1.889153288428e-02 6.834170854271e-05 2.629999750493e-02 6.834170854271e-05 9.548084696108e-01
7.236180904523e-05 1.889019854244e-02 7.236180904523e-05 2.629999650797e-02 7.236180904523e-05 9.548098049496e-01
7.638190954774e-05 1.888867184126e-02 7.638190954774e-05 2.629999513124e-02 7.638190954774e-05 9.548113330275e-01
8.040201005025e-05 1.888692799234e-02 8.040201005025e-05 2.629999323756e-02 8.040201005025e-05 9.548130787701e-01
8.442211055276e-05 1.888493946506e-02 8.442211055276e-05 2.629999064303e-02 8.442211055276e-05 9.548150698919e-01
8.844221105528e-05 1.888267574811e-02 8.844221105528e-05 2.629998710224e-02 8.844221105528e-05 9.548173371497e-01
9.246231155779e-05 1.888010309889e-02 9.246231155779e-05 2.629998228905e-02 9.246231155779e-05 9.548199146121e-01
9.648241206030e-05 1.887718428166e-02 9.648241206030e-05 2.629997577189e-02 9.648241206030e-05 9.548228399464e-01
1.005025125628e-04 1.887387829492e-02 1.005025125628e-04 2.629996698219e-02 1.005025125628e-04 9.548261547229e-01
1.045226130653e-04 1.887014008925e-02 1.045226130653e-04 2.629995517405e-02 1.045226130653e-04 9.548299047367e-01
1.085427135678e-04 1.886592027677e-02 1.085427135678e-04 2.629993937321e-02 1.085427135678e-04 9.548341403500e-01
1.125628140704e-04 1.886116483363e-02 1.125628140704e-04 2.629991831263e-02 1.125628140704e-04 9.548389168537e-01
1.165829145729e-04 1.885581479756e-02 1.165829145729e-04 2.629989035168e-02 1.165829145729e-04 9.548442948508e-01
1.206030150754e-04 1.884980596218e-02 1.206030150754e-04 2.629985337527e-02 1.206030150754e-04 9.548503406626e-01
1.246231155779e-04 1.884306857074e-02 1.246231155779e-04 2.629980466854e-02 1.246231155779e-04 9.548571267607e-01
1.286432160804e-04 1.883552701177e-02 1.286432160804e-04 2.629974076210e-02 1.286432160804e-04 9.548647322261e-01
1.326633165829e-04 1.882709951953e-02 1.326633165829e-04 2.629965724191e-02 1.326633165829e-04 9.548732432386e-01
1.366834170854e-04 1.881769788275e-02 1.366834170854e-04 2.629954851681e-02 1.366834170854e-04 9.548827536004e-01
1.407035175879e-04 1.880722716496e-02 1.407035175879e-04 2.629940753618e-02 1.407035175879e-04 9.548933652989e-01
1.447236180905e-04 1.879558544044e-02 1.447236180905e-04 2.629922544854e-02 1.447236180905e-04 9.549051891110e-01
1.487437185930e-04 1.878266354984e-02 1.487437185930e-04 2.629899119140e-02 1.487437185930e-04 9.549183452588e-01
1.527638190955e-04 1.876834487986e-02 1.527638190955e-04 2.629869100115e-02 1.527638190955e-04 9.549329641190e-01
1.567839195980e-04 1.875250517165e-02 1.567839195980e-04 2.629830783100e-02 1.567839195980e-04 9.549491869974e-01
1.608040201005e-04 1.873501236271e-02 1.608040201005e-04 2.629782066371e-02 1.608040201005e-04 9.549671669736e-01
1.648241206030e-04 1.871572646734e-02 1.648241206030e-04 2.629720370523e-02 1.648241206030e-04 9.549870698274e-01
1.688442211055e-04 1.869449950067e-02 1.688442211055e-04 2.629642544452e-02 1.688442211055e-04 9.550090750548e-01
1.728643216080e-04 1.867117545153e-02 1.728643216080e-04 2.629544756436e-02 1.728643216080e-04 9.550333769841e-01
1.768844221106e-04 1.864559030932e-02 1.768844221106e-04 2.629422368806e-02 1.768844221106e-04 9.550601860026e-01
1.809045226131e-04 1.861757214998e-02 1.809045226131e-04 2.629269794720e-02 1.809045226131e-04 9.550897299028e-01
1.849246231156e-04 1.858694128616e-02 1.849246231156e-04 2.629080335657e-02 1.849246231156e-04 9.551222553573e-01
1.889447236181e-04 1.855351048640e-02 1.889447236181e-04 2.628845998393e-02 1.889447236181e-04 9.551580295297e-01
1.929648241206e-04 1.851708526788e-02 1.929648241206e-04 2.628557290482e-02 1.929648241206e-04 9.551973418273e-01
1.969849246231e-04 1.847746426687e-02 1.969849246231e-04 2.628202993565e-02 1.969849246231e-04 9.552405057975e-01
2.010050251256e-04 1.843443969086e-02 2.010050251256e-04 2.627769914269e-02 2.010050251256e-04 9.552878611665e-01
2.050251256281e-04 1.838779785535e-02 2.050251256281e-04 2.627242612982e-02 2.050251256281e-04 9.553397760148e-01
2.090452261307e-04 1.833731980822e-02 2.090452261307e-04 2.626603111434e-02 2.090452261307e-04 9.553966490774e-01
2.130653266332e-04 1.828278204344e-02 2.130653266332e-04 2.625830580766e-02 2.130653266332e-04 9.554589121489e-01
2.170854271357e-04 1.822395730534e-02 2.170854271357e-04 2.624901012652e-02 2.170854271357e-04 9.555270325681e-01
2.211055276382e-04 1.816061548384e-02 2.211055276382e-04 2.623786877012e-02 2.211055276382e-04 9.556015157460e-01
2.251256281407e-04 1.809252459993e-02 2.251256281407e-04 2.622456770938e-02 2.251256281407e-04 9.556829076907e-01
2.291457286432e-04 1.801945187989e-02 2.291457286432e-04 2.620875064633e-02 2.291457286432e-04 9.557717974738e-01
2.331658291457e-04 1.794116491546e-02 2.331658291457e-04 2.619001551354e-02 2.331658291457e-04 9.558688195710e-01
2.371859296482e-04 1.785743290645e-02 2.371859296482e-04 2.616791109651e-02 2.371859296482e-04 9.559746559970e-01
2.412060301508e-04 1.776802798057e-02 2.412060301508e-04 2.614193387391e-02 2.412060301508e-04 9.560900381455e-01
2.452261306533e-04 1.767272658478e-02 2.452261306533e-04 2.611152518286e-02 2.452261306533e-04 9.562157482324e-01
2.492462311558e-04 1.757131094064e-02 2.492462311558e-04 2.607606882702e-02 2.492462311558e-04 9.563526202323e-01
2.532663316583e-04 1.746357055557e-02 2.532663316583e-04 2.603488925500e-02 2.532663316583e-04 9.565015401894e-01
2.572864321608e-04 1.734930378026e-02 2.572864321608e-04 2.598725044325e-02 2.572864321608e-04 9.566634457765e-01
2.613065326633e-04 1.722831940184e-02 2.613065326633e-04 2.593235562233e-02 2.613065326633e-04 9.568393249758e-01
2.653266331658e-04 1.710043826110e-02 2.653266331658e-04 2.586934798634e-02 2.653266331658e-04 9.570302137526e-01
2.693467336683e-04 1.696549488114e-02 2.693467336683e-04 2.579731252222e-02 2.693467336683e-04 9.572371925966e-01
2.733668341709e-04 1.682333909415e-02 2.733668341709e-04 2.571527908811e-02 2.733668341709e-04 9.574613818177e-01
2.773869346734e-04 1.667383765194e-02 2.773869346734e-04 2.562222685779e-02 2.773869346734e-04 9.577039354903e-01
2.814070351759e-04 1.651687580566e-02 2.814070351759e-04 2.551709023028e-02 2.814070351759e-04 9.579660339641e-01
2.854271356784e-04 1.635235883925e-02 2.854271356784e-04 2.539876628071e-02 2.854271356784e-04 9.582488748800e-01
2.894472361809e-04 1.618021354113e-02 2.894472361809e-04 2.526612380047e-02 2.894472361809e-04 9.585536626584e-01
2.934673366834e-04 1.600038959842e-02 2.934673366834e-04 2.511801394060e-02 2.934673366834e-04 9.588815964610e-01
2.974874371859e-04 1.581286089800e-02 2.974874371859e-04 2.495328243461e-02 2.974874371859e-04 9.592338566674e-01
3.015075376884e-04 1.561762671904e-02 3.015075376884e-04 2.477078333450e-02 3.015075376884e-04 9.596115899465e-01
3.055276381910e-04 1.541471280183e-02 3.055276381910e-04 2.456939414847e-02 3.055276381910e-04 9.600158930497e-01
3.095477386935e-04 1.520417227881e-02 3.095477386935e-04 2.434803222154e-02 3.095477386935e-04 9.604477954997e-01
3.135678391960e-04 1.498608645403e-02 3.135678391960e-04 2.410567215252e-02 3.135678391960e-04 9.609082413934e-01
3.175879396985e-04 1.476056541868e-02 3.175879396985e-04 2.384136399383e-02 3.175879396985e-04 9.613980705875e-01
3.216080402010e-04 1.452774849125e-02 3.216080402010e-04 2.355425193613e-02 3.216080402010e-04 9.619179995726e-01
3.256281407035e-04 1.428780447269e-02 3.256281407035e-04 2.324359313987e-02 3.256281407035e-04 9.624686023874e-01
3.296482412060e-04 1.404093170788e-02 3.296482412060e-04 2.290877634136e-02 3.296482412060e-04 9.630502919508e-01
3.336683417085e-04 1.378735794713e-02 3.336683417085e-04 2.254933983483e-02 3.336683417085e-04 9.636633022180e-01
3.376884422111e-04 1.352734000275e-02 3.376884422111e-04 2.216498841418e-02 3.376884422111e-04 9.643076715831e-01
3.417085427136e-04 1.326116319794e-02 3.417085427136e-04 2.175560885156e-02 3.417085427136e-04 9.649832279505e-01
3.457286432161e-04 1.298914060724e-02 3.457286432161e-04 2.132128349422e-02 3.457286432161e-04 9.656895758985e-01
3.497487437186e-04 1.271161208994e-02 3.497487437186e-04 2.086230157824e-02 3.497487437186e-04 9.664260863318e-01
3.537688442211e-04 1.242894311986e-02 3.537688442211e-04 2.037916788651e-02 3.537688442211e-04 9.671918889936e-01
3.577889447236e-04 1.214152341729e-02 3.577889447236e-04 1.987260842059e-02 3.577889447236e-04 9.679858681621e-01
3.618090452261e-04 1.184976539071e-02 3.618090452261e-04 1.934357280905e-02 3.618090452261e-04 9.688066618002e-01
3.658291457286e-04 1.155410239837e-02 3.658291457286e-04 1.879323323928e-02 3.658291457286e-04 9.696526643624e-01
3.698492462312e-04 1.125498684138e-02 3.698492462312e-04 1.822297977295e-02 3.698492462312e-04 9.705220333857e-01
3.738693467337e-04 1.095288810232e-02 3.738693467337e-04 1.763441198629e-02 3.738693467337e-04 9.714126999114e-01
3.778894472362e-04 1.064829034464e-02 3.778894472362e-04 1.702932696168e-02 3.778894472362e-04 9.723223826937e-01
3.819095477387e-04 1.034169019016e-02 3.819095477387e-04 1.640970374564e-02 3.819095477387e-04 9.732486060642e-01
3.859296482412e-04 1.003359429313e-02 3.859296482412e-04 1.577768447629e-02 3.859296482412e-04 9.741887212306e-01
3.899497487437e-04 9.724516830462e-03 3.899497487437e-04 1.513555246830e-02 3.899497487437e-04 9.751399307012e-01
3.939698492462e-04 9.414976929106e-03 3.939698492462e-04 1.448570762277e-02 3.939698492462e-04 9.760993154481e-01
3.979899497487e-04 9.105496051690e-03 3.979899497487e-04 1.383063960032e-02 3.979899497487e-04 9.770638643480e-01
4.020100502513e-04 8.796595362601e-03 4.020100502513e-04 1.317289925539e-02 4.020100502513e-04 9.780305053820e-01
4.060301507538e-04 8.488793096524e-03 4.060301507538e-04 1.251506887743e-02 4.060301507538e-04 9.789961380260e-01
4.100502512563e-04 8.182601951678e-03 4.100502512563e-04 1.185973181644e-02 4.100502512563e-04 9.799576662319e-01
4.140703517588e-04 7.878526529493e-03 4.140703517588e-04 1.120944208776e-02 4.140703517588e-04 9.809120313827e-01
4.180904522613e-04 7.577060842056e-03 4.180904522613e-04 1.056669455137e-02 4.180904522613e-04 9.818562446066e-01
4.221105527638e-04 7.278685907898e-03 4.221105527638e-04 9.933896245135e-03 4.221105527638e-04 9.827874178470e-01
4.261306532663e-04 6.983867455475e-03 4.261306532663e-04 9.313339420130e-03 4.261306532663e-04 9.837027931244e-01
4.301507537688e-04 6.693053752651e-03 4.301507537688e-04 8.707176779925e-03 4.301507537688e-04 9.845997694674e-01
4.341708542714e-04 6.406673578927e-03 4.341708542714e-04 8.117399366695e-03 4.341708542714e-04 9.854759270544e-01
4.381909547739e-04 6.125134355524e-03 4.381909547739e-04 7.545817466647e-03 4.381909547739e-04 9.863290481778e-01
4.422110552764e-04 5.848820446755e-03 4.422110552764e-04 6.994044828718e-03 4.422110552764e-04 9.871571347245e-01
4.462311557789e-04 5.578091644002e-03 4.462311557789e-04 6.463486405584e-03 4.462311557789e-04 9.879584219504e-01
4.502512562814e-04 5.313281841789e-03 4.502512562814e-04 5.955329738126e-03 4.502512562814e-04 9.887313884201e-01
4.542713567839e-04 5.054697913221e-03 4.542713567839e-04 5.470540016171e-03 4.542713567839e-04 9.894747620706e-01
4.582914572864e-04 4.802618790012e-03 4.582914572864e-04 5.009858762288e-03 4.582914572864e-04 9.901875224477e-01
4.623115577889e-04 4.557294750047e-03 4.623115577889e-04 4.573806004337e-03 4.623115577889e-04 9.908688992456e-01
4.663316582915e-04 4.318946913399e-03 4.663316582915e-04 4.162685728505e-03 4.663316582915e-04 9.915183673581e-01
4.703517587940e-04 4.087766945592e-03 4.703517587940e-04 3.776594339740e-03 4.703517587940e-04 9.921356387147e-01
4.743718592965e-04 3.863916964800e-03 4.743718592965e-04 3.415431802260e-03 4.743718592965e-04 9.927206512329e-01
4.783919597990e-04 3.647529647833e-03 4.783919597990e-04 3.078915090316e-03 4.783919597990e-04 9.932735552619e-01
4.824120603015e-04 3.438708527876e-03 4.824120603015e-04 2.766593549240e-03 4.824120603015e-04 9.937946979229e-01
4.864321608040e-04 3.237528475298e-03 4.864321608040e-04 2.477865749126e-03 4.864321608040e-04 9.942846057756e-01
4.904522613065e-04 3.044036351272e-03 4.904522613065e-04 2.211997408068e-03 4.904522613065e-04 9.947439662407e-01
4.944723618090e-04 2.858251822695e-03 4.944723618090e-04 1.968139968023e-03 4.944723618090e-04 9.951736082093e-01
4.984924623116e-04 2.680168325564e-03 4.984924623116e-04 1.745349423028e-03 4.984924623116e-04 9.955744822514e-01
5.025125628141e-04 2.509754163122e-03 5.025125628141e-04 1.542605025467e-03 5.025125628141e-04 9.959476408114e-01
5.065326633166e-04 2.346953724258e-03 5.065326633166e-04 1.358827529727e-03 5.065326633166e-04 9.962942187460e-01
5.105527638191e-04 2.191688806999e-03 5.105527638191e-04 1.192896672382e-03 5.105527638191e-04 9.966154145206e-01
5.145728643216e-04 2.043860031638e-03 5.145728643216e-04 1.043667632177e-03 5.145728643216e-04 9.969124723362e-01
5.185929648241e-04 1.903348327767e-03 5.185929648241e-04 9.099862598982e-04 5.185929648241e-04 9.971866654123e-01
5.226130653266e-04 1.770016479572e-03 5.226130653266e-04 7.907029160556e-04 5.226130653266e-04 9.974392806044e-01
5.266331658291e-04 1.643710713805e-03 5.266331658291e-04 6.846848016494e-04 5.266331658291e-04 9.976716044845e-01
5.306532663317e-04 1.524262315306e-03 5.306532663317e-04 5.908267127329e-04 5.306532663317e-04 9.978849109720e-01
5.346733668342e-04 1.411489255394e-03 5.346733668342e-04 5.080601920034e-04 5.346733668342e-04 9.980804505526e-01
5.386934673367e-04 1.305197819098e-03 5.386934673367e-04 4.353610891249e-04 5.386934673367e-04 9.982594410918e-01
5.427135678392e-04 1.205184217994e-03 5.427135678392e-04 3.717555753909e-04 5.427135678392e-04 9.984230602066e-01
5.467336683417e-04 1.111236176257e-03 5.467336683417e-04 3.163246870937e-04 5.467336683417e-04 9.985724391366e-01
5.507537688442e-04 1.023134478544e-03 5.507537688442e-04 2.682074953787e-04 5.507537688442e-04 9.987086580261e-01
5.547738693467e-04 9.406544693658e-04 5.547738693467e-04 2.266030183668e-04 5.547738693467e-04 9.988327425123e-01
5.587939698492e-04 8.635674946803e-04 5.587939698492e-04 1.907710041176e-04 5.587939698492e-04 9.989456615012e-01
5.628140703518e-04 7.916422776129e-04 5.628140703518e-04 1.600317208122e-04 5.628140703518e-04 9.990483260016e-01
5.668341708543e-04 7.246462213481e-04 5.668341708543e-04 1.337648938308e-04 5.668341708543e-04 9.991415888848e-01
5.708542713568e-04 6.623466334325e-04 5.708542713568e-04 1.114079286945e-04 5.708542713568e-04 9.992262454379e-01
5.748743718593e-04 6.045118668120e-04 5.748743718593e-04 9.245355467972e-05 5.748743718593e-04 9.993030345785e-01
5.788944723618e-04 5.509123741633e-04 5.788944723618e-04 7.644701694619e-05 5.788944723618e-04 9.993726406089e-01
5.829145728643e-04 5.013216730602e-04 5.829145728643e-04 6.298293582153e-05 5.829145728643e-04 9.994356953911e-01
5.869346733668e-04 4.555172206248e-04 5.869346733668e-04 5.170194107806e-05 5.869346733668e-04 9.994927808383e-01
5.909547738693e-04 4.132811972782e-04 5.909547738693e-04 4.228717716193e-05 5.909547738693e-04 9.995444316256e-01
5.949748743719e-04 3.744012000964e-04 5.949748743719e-04 3.446076290655e-05 5.949748743719e-04 9.995911380370e-01
5.989949748744e-04 3.386708471435e-04 5.989949748744e-04 2.798027672295e-05 5.989949748744e-04 9.996333488761e-01
6.030150753769e-04 3.058902948911e-04 6.030150753769e-04 2.263532598890e-05 6.030150753769e-04 9.996714743791e-01
6.070351758794e-04 2.758666715271e-04 6.070351758794e-04 1.824424766164e-05 6.070351758794e-04 9.997058890808e-01
6.110552763819e-04 2.484144295117e-04 6.110552763819e-04 1.465097625548e-05 6.110552763819e-04 9.997369345942e-01
6.150753768844e-04 2.233556212860e-04 6.150753768844e-04 1.172210542479e-05 6.150753768844e-04 9.997649222733e-01
6.190954773869e-04 2.005201024196e-04 6.190954773869e-04 9.344160586344e-06 6.190954773869e-04 9.997901357370e-01
6.231155778894e-04 1.797456668228e-04 6.231155778894e-04 7.421092357105e-06 6.231155778894e-04 9.998128332408e-01
6.271356783920e-04 1.608781189235e-04 6.271356783920e-04 5.871994084146e-06 6.271356783920e-04 9.998332498870e-01
6.311557788945e-04 1.437712878516e-04 6.311557788945e-04 4.629041372235e-06 6.311557788945e-04 9.998515996708e-01
6.351758793970e-04 1.282869887994e-04 6.351758793970e-04 3.635647212553e-06 6.351758793970e-04 9.998680773640e-01
6.391959798995e-04 1.142949367520e-04 6.391959798995e-04 2.844822998980e-06 6.391959798995e-04 9.998828602402e-01
6.432160804020e-04 1.016726177590e-04 6.432160804020e-04 2.217733290386e-06 6.432160804020e-04 9.998961096490e-01
6.472361809045e-04 9.030512283121e-05 6.472361809045e-04 1.722430530073e-06 6.472361809045e-04 9.999079724466e-01
6.512562814070e-04 8.008494942228e-05 6.512562814070e-04 1.332754957142e-06 6.512562814070e-04 9.999185822956e-01
6.552763819095e-04 7.091177527916e-05 6.552763819095e-04 1.027384530169e-06 6.552763819095e-04 9.999280608402e-01
6.592964824121e-04 6.269220922740e-05 6.592964824121e-04 7.890197262807e-07 6.592964824121e-04 9.999365187710e-01
6.633165829146e-04 5.533952323271e-05 6.633165829146e-04 6.036884818948e-07 6.633165829146e-04 9.999440567883e-01
6.673366834171e-04 4.877336979930e-05 6.673366834171e-04 4.601572165912e-07 6.673366834171e-04 9.999507664730e-01
6.713567839196e-04 4.291948849412e-05 6.713567839196e-04 3.494347520124e-07 6.713567839196e-04 9.999567310768e-01
6.753768844221e-04 3.770940508796e-05 6.753768844221e-04 2.643569357343e-07 6.753768844221e-04 9.999620262380e-01
6.793969849246e-04 3.308012649951e-05 6.793969849246e-04 1.992408504674e-07 6.793969849246e-04 9.999667206327e-01
6.834170854271e-04 2.897383442652e-05 6.834170854271e-04 1.495985851620e-07 6.834170854271e-04 9.999708765670e-01
6.874371859296e-04 2.533758024123e-05 6.874371859296e-04 1.119016312806e-07 6.874371859296e-04 9.999745505181e-01
6.914572864322e-04 2.212298343038e-05 6.914572864322e-04 8.338801609636e-08 6.914572864322e-04 9.999777936286e-01
6.954773869347e-04 1.928593556636e-05 6.954773869347e-04 6.190527626279e-08 6.954773869347e-04 9.999806521592e-01
6.994974874372e-04 1.678631151833e-05 6.994974874372e-04 4.578329498850e-08 6.994974874372e-04 9.999831679052e-01
7.035175879397e-04 1.458768934533e-05 7.035175879397e-04 3.373186687264e-08 7.035175879397e-04 9.999853785788e-01
7.075376884422e-04 1.265708005932e-05 7.075376884422e-04 2.475861257678e-08 7.075376884422e-04 9.999873181613e-01
7.115577889447e-04 1.096466821533e-05 7.115577889447e-04 1.810354001430e-08 7.115577889447e-04 9.999890172282e-01
7.155778894472e-04 9.483564064119e-06 7.155778894472e-04 1.318714270074e-08 7.155778894472e-04 9.999905032488e-01
7.195979899497e-04 8.189567806492e-06 7.195979899497e-04 9.569443036594e-09 7.195979899497e-04 9.999918008628e-01
7.236180904523e-04 7.060946306012e-06 7.236180904523e-04 6.917834523973e-09 7.236180904523e-04 9.999929321359e-01
7.276381909548e-04 6.078222455397e-06 7.276381909548e-04 4.981957981570e-09 7.276381909548e-04 9.999939167956e-01
7.316582914573e-04 5.223977246973e-06 7.316582914573e-04 3.574169949588e-09 7.316582914573e-04 9.999947724486e-01
7.356783919598e-04 4.482664471870e-06 7.356783919598e-04 2.554432807639e-09 7.356783919598e-04 9.999955147811e-01
7.396984924623e-04 3.840437863105e-06 7.396984924623e-04 1.818682305449e-09 7.396984924623e-04 9.999961577435e-01
7.437185929648e-04 3.284990404348e-06 7.437185929648e-04 1.289915417535e-09 7.437185929648e-04 9.999967137197e-01
7.477386934673e-04 2.805405448805e-06 7.477386934673e-04 9.113950150130e-10 7.477386934673e-04 9.999971936832e-01
7.517587939698e-04 2.392019228730e-06 7.517587939698e-04 6.414932647580e-10 7.517587939698e-04 9.999976073393e-01
7.557788944724e-04 2.036294285850e-06 7.557788944724e-04 4.497970849948e-10 7.557788944724e-04 9.999979632559e-01
7.597989949749e-04 1.730703314509e-06 7.597989949749e-04 3.141805773876e-10 7.597989949749e-04 9.999982689825e-01
7.638190954774e-04 1.468622881626e-06 7.638190954774e-04 2.186146541572e-10 7.638190954774e-04 9.999985311585e-01
7.678391959799e-04 1.244236469772e-06 7.678391959799e-04 1.515359157600e-10 7.678391959799e-04 9.999987556120e-01
7.718592964824e-04 1.052446280281e-06 7.718592964824e-04 1.046375139313e-10 7.718592964824e-04 9.999989474491e-01
7.758793969849e-04 8.887932314641e-07 7.758793969849e-04 7.197702850403e-11 7.758793969849e-04 9.999991111348e-01
7.798994974874e-04 7.493845913774e-07 7.798994974874e-04 4.932127276036e-11 7.798994974874e-04 9.999992505661e-01
7.839195979899e-04 6.308286948954e-07 7.839195979899e-04 3.366725995213e-11 7.839195979899e-04 9.999993691376e-01
7.879396984925e-04 5.301762091292e-07 7.879396984925e-04 2.289356898499e-11 7.879396984925e-04 9.999994698009e-01
7.919597989950e-04 4.448674295783e-07 7.919597989950e-04 1.550782419146e-11 7.919597989950e-04 9.999995551171e-01
7.959798994975e-04 3.726851105432e-07 7.959798994975e-04 1.046451120201e-11 7.959798994975e-04 9.999996273044e-01
8.000000000000e-04 3.117123566869e-07 8.000000000000e-04 7.034241245041e-12 8.000000000000e-04 9.999996882806e-01
