0.000000000000e+00 1.819596564446e-02 0.000000000000e+00 2.659999974754e-02 0.000000000000e+00 9.552040346080e-01
6.030150753769e-06 1.819543969682e-02 6.030150753769e-06 2.659999966070e-02 6.030150753769e-06 9.552045606425e-01
1.206030150754e-05 1.819485037414e-02 1.206030150754e-05 2.659999954515e-02 1.206030150754e-05 9.552051500807e-01
1.809045226131e-05 1.819419074534e-02 1.809045226131e-05 2.659999939181e-02 1.809045226131e-05 9.552058098629e-01
2.412060301508e-05 1.819345321164e-02 2.412060301508e-05 2.659999918885e-02 2.412060301508e-05 9.552065475995e-01
3.015075376884e-05 1.819262945308e-02 3.015075376884e-05 2.659999892092e-02 3.015075376884e-05 9.552073716260e-01
3.618090452261e-05 1.819171037204e-02 3.618090452261e-05 2.659999856815e-02 3.618090452261e-05 9.552082910598e-01
4.221105527638e-05 1.819068603356e-02 4.221105527638e-05 2.659999810489e-02 4.221105527638e-05 9.552093158615e-01
4.824120603015e-05 1.818954560268e-02 4.824120603015e-05 2.659999749815e-02 4.824120603015e-05 9.552104568992e-01
5.427135678392e-05 1.818827727853e-02 5.427135678392e-05 2.659999670557e-02 5.427135678392e-05 9.552117260159e-01
6.030150753769e-05 1.818686822543e-02 6.030150753769e-05 2.659999567294e-02 6.030150753769e-05 9.552131361016e-01
6.633165829146e-05 1.818530450086e-02 6.633165829146e-05 2.659999433110e-02 6.633165829146e-05 9.552147011680e-01
7.236180904523e-05 1.818357098041e-02 7.236180904523e-05 2.659999259204e-02 7.236180904523e-05 9.552164364276e-01
7.839195979899e-05 1.818165127988e-02 7.839195979899e-05 2.659999034407e-02 7.839195979899e-05 9.552183583761e-01
8.442211055276e-05 1.817952767455e-02 8.442211055276e-05 2.659998744593e-02 8.442211055276e-05 9.552204848795e-01
9.045226130653e-05 1.817718101583e-02 9.045226130653e-05 2.659998371937e-02 9.045226130653e-05 9.552228352648e-01
9.648241206030e-05 1.817459064545e-02 9.648241206030e-05 2.659997894018e-02 9.648241206030e-05 9.552254304144e-01
1.025125628141e-04 1.817173430740e-02 1.025125628141e-04 2.659997282712e-02 1.025125628141e-04 9.552282928655e-01
1.085427135678e-04 1.816858805796e-02 1.085427135678e-04 2.659996502845e-02 1.085427135678e-04 9.552314469136e-01
1.145728643216e-04 1.816512617403e-02 1.145728643216e-04 2.659995510551e-02 1.145728643216e-04 9.552349187205e-01
1.206030150754e-04 1.816132106014e-02 1.206030150754e-04 2.659994251284e-02 1.206030150754e-04 9.552387364270e-01
1.266331658291e-04 1.815714315453e-02 1.266331658291e-04 2.659992657414e-02 1.266331658291e-04 9.552429302713e-01
1.326633165829e-04 1.815256083475e-02 1.326633165829e-04 2.659990645330e-02 1.326633165829e-04 9.552475327119e-01
1.386934673367e-04 1.814754032321e-02 1.386934673367e-04 2.659988111970e-02 1.386934673367e-04 9.552525785571e-01
1.447236180905e-04 1.814204559327e-02 1.447236180905e-04 2.659984930663e-02 1.447236180905e-04 9.552581051001e-01
1.507537688442e-04 1.813603827641e-02 1.507537688442e-04 2.659980946180e-02 1.507537688442e-04 9.552641522618e-01
1.567839195980e-04 1.812947757105e-02 1.567839195980e-04 2.659975968852e-02 1.567839195980e-04 9.552707627404e-01
1.628140703518e-04 1.812232015382e-02 1.628140703518e-04 2.659969767615e-02 1.628140703518e-04 9.552779821700e-01
1.688442211055e-04 1.811452009386e-02 1.688442211055e-04 2.659962061808e-02 1.688442211055e-04 9.552858592881e-01
1.748743718593e-04 1.810602877100e-02 1.748743718593e-04 2.659952511534e-02 1.748743718593e-04 9.552944461137e-01
1.809045226131e-04 1.809679479860e-02 1.809045226131e-04 2.659940706392e-02 1.809045226131e-04 9.553037981375e-01
1.869346733668e-04 1.808676395180e-02 1.869346733668e-04 2.659926152322e-02 1.869346733668e-04 9.553139745250e-01
1.929648241206e-04 1.807587910231e-02 1.929648241206e-04 2.659908256341e-02 1.929648241206e-04 9.553250383343e-01
1.989949748744e-04 1.806408016034e-02 1.989949748744e-04 2.659886308879e-02 1.989949748744e-04 9.553370567509e-01
2.050251256281e-04 1.805130402486e-02 2.050251256281e-04 2.659859463414e-02 2.050251256281e-04 9.553501013410e-01
2.110552763819e-04 1.803748454308e-02 2.110552763819e-04 2.659826713109e-02 2.110552763819e-04 9.553642483258e-01
2.170854271357e-04 1.802255248010e-02 2.170854271357e-04 2.659786864096e-02 2.170854271357e-04 9.553795788789e-01
2.231155778894e-04 1.800643549983e-02 2.231155778894e-04 2.659738505068e-02 2.231155778894e-04 9.553961794495e-01
2.291457286432e-04 1.798905815808e-02 2.291457286432e-04 2.659679972797e-02 2.291457286432e-04 9.554141421139e-01
2.351758793970e-04 1.797034190902e-02 2.351758793970e-04 2.659609313230e-02 2.351758793970e-04 9.554335649587e-01
2.412060301508e-04 1.795020512576e-02 2.412060301508e-04 2.659524237757e-02 2.412060301508e-04 9.554545524967e-01
2.472361809045e-04 1.792856313629e-02 2.472361809045e-04 2.659422074305e-02 2.472361809045e-04 9.554772161207e-01
2.532663316583e-04 1.790532827556e-02 2.532663316583e-04 2.659299712873e-02 2.532663316583e-04 9.555016745957e-01
2.592964824121e-04 1.788040995482e-02 2.592964824121e-04 2.659153545199e-02 2.592964824121e-04 9.555280545932e-01
2.653266331658e-04 1.785371474885e-02 2.653266331658e-04 2.658979398232e-02 2.653266331658e-04 9.555564912688e-01
2.713567839196e-04 1.782514650223e-02 2.713567839196e-04 2.658772461163e-02 2.713567839196e-04 9.555871288861e-01
2.773869346734e-04 1.779460645510e-02 2.773869346734e-04 2.658527205825e-02 2.773869346734e-04 9.556201214866e-01
2.834170854271e-04 1.776199338940e-02 2.834170854271e-04 2.658237300337e-02 2.834170854271e-04 9.556556336072e-01
2.894472361809e-04 1.772720379590e-02 2.894472361809e-04 2.657895515964e-02 2.894472361809e-04 9.556938410445e-01
2.954773869347e-04 1.769013206287e-02 2.954773869347e-04 2.657493627291e-02 2.954773869347e-04 9.557349316642e-01
3.015075376884e-04 1.765067068640e-02 3.015075376884e-04 2.657022305929e-02 3.015075376884e-04 9.557791062543e-01
3.075376884422e-04 1.760871050307e-02 3.075376884422e-04 2.656471008105e-02 3.075376884422e-04 9.558265794159e-01
3.135678391960e-04 1.756414094476e-02 3.135678391960e-04 2.655827856689e-02 3.135678391960e-04 9.558775804884e-01
3.195979899497e-04 1.751685031587e-02 3.195979899497e-04 2.655079518380e-02 3.195979899497e-04 9.559323545003e-01
3.256281407035e-04 1.746672609271e-02 3.256281407035e-04 2.654211076974e-02 3.256281407035e-04 9.559911631375e-01
3.316582914573e-04 1.741365524479e-02 3.316582914573e-04 2.653205903865e-02 3.316582914573e-04 9.560542857166e-01
3.376884422111e-04 1.735752457765e-02 3.376884422111e-04 2.652045527167e-02 3.376884422111e-04 9.561220201507e-01
3.437185929648e-04 1.729822109646e-02 3.437185929648e-04 2.650709501101e-02 3.437185929648e-04 9.561946838925e-01
3.497487437186e-04 1.723563238974e-02 3.497487437186e-04 2.649175277493e-02 3.497487437186e-04 9.562726148353e-01
3.557788944724e-04 1.716964703229e-02 3.557788944724e-04 2.647418081571e-02 3.557788944724e-04 9.563561721520e-01
3.618090452261e-04 1.710015500592e-02 3.618090452261e-04 2.645410794400e-02 3.618090452261e-04 9.564457370501e-01
3.678391959799e-04 1.702704813699e-02 3.678391959799e-04 2.643123844623e-02 3.678391959799e-04 9.565417134168e-01
3.738693467337e-04 1.695022054906e-02 3.738693467337e-04 2.640525112335e-02 3.738693467337e-04 9.566445283276e-01
3.798994974874e-04 1.686956912896e-02 3.798994974874e-04 2.637579848167e-02 3.798994974874e-04 9.567546323894e-01
3.859296482412e-04 1.678499400453e-02 3.859296482412e-04 2.634250610792e-02 3.859296482412e-04 9.568724998876e-01
3.919597989950e-04 1.669639903194e-02 3.919597989950e-04 2.630497226210e-02 3.919597989950e-04 9.569986287060e-01
3.979899497487e-04 1.660369229036e-02 3.979899497487e-04 2.626276772255e-02 3.979899497487e-04 9.571335399871e-01
4.040201005025e-04 1.650678658170e-02 4.040201005025e-04 2.621543591789e-02 4.040201005025e-04 9.572777775004e-01
4.100502512563e-04 1.640559993286e-02 4.100502512563e-04 2.616249337988e-02 4.100502512563e-04 9.574319066873e-01
4.160804020101e-04 1.630005609796e-02 4.160804020101e-04 2.610343055060e-02 4.160804020101e-04 9.575965133514e-01
4.221105527638e-04 1.619008505766e-02 4.221105527638e-04 2.603771297497e-02 4.221105527638e-04 9.577722019674e-01
4.281407035176e-04 1.607562351290e-02 4.281407035176e-04 2.596478290729e-02 4.281407035176e-04 9.579595935798e-01
4.341708542714e-04 1.595661536996e-02 4.341708542714e-04 2.588406135664e-02 4.341708542714e-04 9.581593232734e-01
4.402010050251e-04 1.583301221393e-02 4.402010050251e-04 2.579495059165e-02 4.402010050251e-04 9.583720371944e-01
4.462311557789e-04 1.570477376759e-02 4.462311557789e-04 2.569683711968e-02 4.462311557789e-04 9.585983891127e-01
4.522613065327e-04 1.557186833246e-02 4.522613065327e-04 2.558909514936e-02 4.522613065327e-04 9.588390365182e-01
4.582914572864e-04 1.543427320919e-02 4.582914572864e-04 2.547109053802e-02 4.582914572864e-04 9.590946362528e-01
4.643216080402e-04 1.529197509396e-02 4.643216080402e-04 2.534218521815e-02 4.643216080402e-04 9.593658396879e-01
4.703517587940e-04 1.514497044815e-02 4.703517587940e-04 2.520174208831e-02 4.703517587940e-04 9.596532874635e-01
4.763819095477e-04 1.499326583812e-02 4.763819095477e-04 2.504913034467e-02 4.763819095477e-04 9.599576038172e-01
4.824120603015e-04 1.483687824240e-02 4.824120603015e-04 2.488373122034e-02 4.824120603015e-04 9.602793905373e-01
4.884422110553e-04 1.467583532351e-02 4.884422110553e-04 2.470494408985e-02 4.884422110553e-04 9.606192205866e-01
4.944723618090e-04 1.451017566176e-02 4.944723618090e-04 2.451219288622e-02 4.944723618090e-04 9.609776314520e-01
5.005025125628e-04 1.433994894879e-02 5.005025125628e-04 2.430493276880e-02 5.005025125628e-04 9.613551182824e-01
5.065326633166e-04 1.416521613841e-02 5.065326633166e-04 2.408265697104e-02 5.065326633166e-04 9.617521268905e-01
5.125628140704e-04 1.398604955287e-02 5.125628140704e-04 2.384490374863e-02 5.125628140704e-04 9.621690466985e-01
5.185929648241e-04 1.380253294275e-02 5.185929648241e-04 2.359126334081e-02 5.185929648241e-04 9.626062037164e-01
5.246231155779e-04 1.361476149889e-02 5.246231155779e-04 2.332138485165e-02 5.246231155779e-04 9.630638536495e-01
5.306532663317e-04 1.342284181518e-02 5.306532663317e-04 2.303498295203e-02 5.306532663317e-04 9.635421752328e-01
5.366834170854e-04 1.322689180118e-02 5.366834170854e-04 2.273184430021e-02 5.366834170854e-04 9.640412638986e-01
5.427135678392e-04 1.302704054401e-02 5.427135678392e-04 2.241183357653e-02 5.427135678392e-04 9.645611258795e-01
5.487437185930e-04 1.282342811900e-02 5.487437185930e-04 2.207489902737e-02 5.487437185930e-04 9.651016728536e-01
5.547738693467e-04 1.261620534918e-02 5.547738693467e-04 2.172107741602e-02 5.547738693467e-04 9.656627172348e-01
5.608040201005e-04 1.240553351402e-02 5.608040201005e-04 2.135049828133e-02 5.608040201005e-04 9.662439682046e-01
5.668341708543e-04 1.219158400775e-02 5.668341708543e-04 2.096338741132e-02 5.668341708543e-04 9.668450285809e-01
5.728643216080e-04 1.197453794857e-02 5.728643216080e-04 2.056006944698e-02 5.728643216080e-04 9.674653926045e-01
5.788944723618e-04 1.175458573988e-02 5.788944723618e-04 2.014096954122e-02 5.788944723618e-04 9.681044447189e-01
5.849246231156e-04 1.153192658520e-02 5.849246231156e-04 1.970661400984e-02 5.849246231156e-04 9.687614594050e-01
5.909547738693e-04 1.130676795875e-02 5.909547738693e-04 1.925762992546e-02 5.909547738693e-04 9.694356021158e-01
5.969849246231e-04 1.107932503399e-02 5.969849246231e-04 1.879474361943e-02 5.969849246231e-04 9.701259313466e-01
6.030150753769e-04 1.084982007264e-02 6.030150753769e-04 1.831877807380e-02 6.030150753769e-04 9.708314018536e-01
6.090452261307e-04 1.061848177710e-02 6.090452261307e-04 1.783064920238e-02 6.090452261307e-04 9.715508690205e-01
6.150753768844e-04 1.038554460936e-02 6.150753768844e-04 1.733136103713e-02 6.150753768844e-04 9.722830943535e-01
6.211055276382e-04 1.015124807973e-02 6.211055276382e-04 1.682199985481e-02 6.211055276382e-04 9.730267520655e-01
6.271356783920e-04 9.915836009067e-03 6.271356783920e-04 1.630372729622e-02 6.271356783920e-04 9.737804366947e-01
6.331658291457e-04 9.679555768205e-03 6.331658291457e-04 1.577777254748e-02 6.331658291457e-04 9.745426716843e-01
6.391959798995e-04 9.442657498546e-03 6.391959798995e-04 1.524542366907e-02 6.391959798995e-04 9.753119188324e-01
6.452261306533e-04 9.205393317964e-03 6.452261306533e-04 1.470801817409e-02 6.452261306533e-04 9.760865885080e-01
6.512562814070e-04 8.968016516141e-03 6.512562814070e-04 1.416693296948e-02 6.512562814070e-04 9.768650505144e-01
6.572864321608e-04 8.730780743667e-03 6.572864321608e-04 1.362357378622e-02 6.572864321608e-04 9.776456454701e-01
6.633165829146e-04 8.493939199197e-03 6.633165829146e-04 1.307936423376e-02 6.633165829146e-04 9.784266965670e-01
6.693467336683e-04 8.257743819054e-03 6.693467336683e-04 1.253573462005e-02 6.693467336683e-04 9.792065215609e-01
6.753768844221e-04 8.022444473533e-03 6.753768844221e-04 1.199411068396e-02 6.753768844221e-04 9.799834448425e-01
6.814070351759e-04 7.788288174228e-03 6.814070351759e-04 1.145590238758e-02 6.814070351759e-04 9.807558094382e-01
6.874371859296e-04 7.555518296537e-03 6.874371859296e-04 1.092249291514e-02 6.874371859296e-04 9.815219887883e-01
6.934673366834e-04 7.324373821472e-03 6.934673366834e-04 1.039522802153e-02 6.934673366834e-04 9.822803981570e-01
6.994974874372e-04 7.095088600643e-03 6.994974874372e-04 9.875405866945e-03 6.994974874372e-04 9.830295055324e-01
7.055276381910e-04 6.867890648200e-03 7.055276381910e-04 9.364267465356e-03 7.055276381910e-04 9.837678418864e-01
7.115577889447e-04 6.643001463372e-03 7.115577889447e-04 8.862987863370e-03 7.115577889447e-04 9.844940106733e-01
7.175879396985e-04 6.420635386767e-03 7.175879396985e-04 8.372668153391e-03 7.175879396985e-04 9.852066964598e-01
7.236180904523e-04 6.200998993742e-03 7.236180904523e-04 7.894328409327e-03 7.236180904523e-04 9.859046725969e-01
7.296482412060e-04 5.984290527506e-03 7.296482412060e-04 7.428901618114e-03 7.296482412060e-04 9.865868078544e-01
7.356783919598e-04 5.770699374550e-03 7.356783919598e-04 6.977228662595e-03 7.356783919598e-04 9.872520719629e-01
7.417085427136e-04 5.560405584694e-03 7.417085427136e-04 6.540054393510e-03 7.417085427136e-04 9.878995400218e-01
7.477386934673e-04 5.353579437593e-03 7.477386934673e-04 6.118024810851e-03 7.477386934673e-04 9.885283957516e-01
7.537688442211e-04 5.150381057369e-03 7.537688442211e-04 5.711685356749e-03 7.537688442211e-04 9.891379335859e-01
7.597989949749e-04 4.950960076595e-03 7.597989949749e-04 5.321480304869e-03 7.597989949749e-04 9.897275596185e-01
7.658291457286e-04 4.755455350656e-03 7.658291457286e-04 4.947753214758e-03 7.658291457286e-04 9.902967914346e-01
7.718592964824e-04 4.563994722940e-03 7.718592964824e-04 4.590748404688e-03 7.718592964824e-04 9.908452568724e-01
7.778894472362e-04 4.376694841298e-03 7.778894472362e-04 4.250613381928e-03 7.778894472362e-04 9.913726917768e-01
7.839195979899e-04 4.193661025593e-03 7.839195979899e-04 3.927402158073e-03 7.839195979899e-04 9.918789368163e-01
7.899497487437e-04 4.014987185978e-03 7.899497487437e-04 3.621079366157e-03 7.899497487437e-04 9.923639334479e-01
7.959798994975e-04 3.840755791263e-03 7.959798994975e-04 3.331525087896e-03 7.959798994975e-04 9.928277191208e-01
8.020100502513e-04 3.671037886290e-03 8.020100502513e-04 3.058540293311e-03 8.020100502513e-04 9.932704218204e-01
8.080402010050e-04 3.505893157083e-03 8.080402010050e-04 2.801852790520e-03 8.080402010050e-04 9.936922540524e-01
8.140703517588e-04 3.345370042196e-03 8.140703517588e-04 2.561123581340e-03 8.140703517588e-04 9.940935063765e-01
8.201005025126e-04 3.189505888497e-03 8.201005025126e-04 2.335953518014e-03 8.201005025126e-04 9.944745405935e-01
8.261306532663e-04 3.038327149244e-03 8.261306532663e-04 2.125890158266e-03 8.261306532663e-04 9.948357826925e-01
8.321608040201e-04 2.891849622330e-03 8.321608040201e-04 1.930434718814e-03 8.321608040201e-04 9.951777156589e-01
8.381909547739e-04 2.750078726199e-03 8.381909547739e-04 1.749049032893e-03 8.381909547739e-04 9.955008722409e-01
8.442211055276e-04 2.613009810777e-03 8.442211055276e-04 1.581162423347e-03 8.442211055276e-04 9.958058277659e-01
8.502512562814e-04 2.480628500805e-03 8.502512562814e-04 1.426178410235e-03 8.502512562814e-04 9.960931930890e-01
8.562814070352e-04 2.352911068585e-03 8.562814070352e-04 1.283481180404e-03 8.562814070352e-04 9.963636077510e-01
8.623115577889e-04 2.229824833299e-03 8.623115577889e-04 1.152441755362e-03 8.623115577889e-04 9.966177334113e-01
8.683417085427e-04 2.111328583779e-03 8.683417085427e-04 1.032423803267e-03 8.683417085427e-04 9.968562476130e-01
8.743718592965e-04 1.997373021774e-03 8.743718592965e-04 9.227890504839e-04 8.743718592965e-04 9.970798379277e-01
8.804020100503e-04 1.887901222587e-03 8.804020100503e-04 8.229022579279e-04 8.804020100503e-04 9.972891965195e-01
8.864321608040e-04 1.782849109982e-03 8.864321608040e-04 7.321357367616e-04 8.864321608040e-04 9.974850151533e-01
8.924623115578e-04 1.682145942409e-03 8.924623115578e-04 6.498733871951e-04 8.924623115578e-04 9.976679806704e-01
8.984924623116e-04 1.585714807465e-03 8.984924623116e-04 5.755142528518e-04 8.984924623116e-04 9.978387709397e-01
9.045226130653e-04 1.493473121719e-03 9.045226130653e-04 5.084755909118e-04 9.045226130653e-04 9.979980512874e-01
9.105527638191e-04 1.405333133042e-03 9.105527638191e-04 4.481954656634e-04 9.105527638191e-04 9.981464714013e-01
9.165829145729e-04 1.321202422736e-03 9.165829145729e-04 3.941348794034e-04 9.165829145729e-04 9.982846626979e-01
9.226130653266e-04 1.240984404804e-03 9.226130653266e-04 3.457794602005e-04 9.226130653266e-04 9.984132361350e-01
9.286432160804e-04 1.164578819932e-03 9.286432160804e-04 3.026407306688e-04 9.286432160804e-04 9.985327804494e-01
9.346733668342e-04 1.091882221837e-03 9.346733668342e-04 2.642569856968e-04 9.346733668342e-04 9.986438607925e-01
9.407035175879e-04 1.022788453763e-03 9.407035175879e-04 2.301938098913e-04 9.407035175879e-04 9.987470177363e-01
9.467336683417e-04 9.571891131914e-04 9.467336683417e-04 2.000442676026e-04 9.467336683417e-04 9.988427666192e-01
9.527638190955e-04 8.949740028532e-04 9.527638190955e-04 1.734287996039e-04 9.527638190955e-04 9.989315971975e-01
9.587939698492e-04 8.360315664257e-04 9.587939698492e-04 1.499948610247e-04 9.587939698492e-04 9.990139735725e-01
9.648241206030e-04 7.802493074044e-04 9.648241206030e-04 1.294163350249e-04 9.648241206030e-04 9.990903343576e-01
9.708542713568e-04 7.275141898707e-04 9.708542713568e-04 1.113927559262e-04 9.708542713568e-04 9.991610930542e-01
9.768844221106e-04 6.777130200123e-04 9.768844221106e-04 9.564837436507e-05 9.768844221106e-04 9.992266386056e-01
9.829145728643e-04 6.307328074651e-04 9.829145728643e-04 8.193109536446e-05 9.829145728643e-04 9.992873360972e-01
9.889447236181e-04 5.864611057276e-04 9.889447236181e-04 7.001131826538e-05 9.889447236181e-04 9.993435275760e-01
9.949748743719e-04 5.447863310211e-04 9.949748743719e-04 5.968070526302e-05 9.949748743719e-04 9.993955329637e-01
1.001005025126e-03 5.055980592152e-04 1.001005025126e-03 5.075090289113e-05 1.001005025126e-03 9.994436510379e-01
1.007035175879e-03 4.687873005223e-04 1.007035175879e-03 4.305223830679e-05 1.007035175879e-03 9.994881604612e-01
1.013065326633e-03 4.342467518707e-04 1.013065326633e-03 3.643240968589e-05 1.013065326633e-03 9.995293208384e-01
1.019095477387e-03 4.018710269829e-04 1.019095477387e-03 3.075518751495e-05 1.019095477387e-03 9.995673737855e-01
1.025125628141e-03 3.715568643425e-04 1.025125628141e-03 2.589914108740e-05 1.025125628141e-03 9.996025439946e-01
1.031155778894e-03 3.432033133355e-04 1.031155778894e-03 2.175640214504e-05 1.031155778894e-03 9.996350402845e-01
1.037185929648e-03 3.167118989898e-04 1.037185929648e-03 1.823147537039e-05 1.037185929648e-03 9.996650566256e-01
1.043216080402e-03 2.919867658372e-04 1.043216080402e-03 1.524010334003e-05 1.043216080402e-03 9.996927731308e-01
1.049246231156e-03 2.689348015072e-04 1.049246231156e-03 1.270819164980e-05 1.049246231156e-03 9.997183570068e-01
1.055276381910e-03 2.474657407618e-04 1.055276381910e-03 1.057079819280e-05 1.055276381910e-03 9.997419634610e-01
1.061306532663e-03 2.274922507446e-04 1.061306532663e-03 8.771189039497e-06 1.061306532663e-03 9.997637365602e-01
1.067336683417e-03 2.089299982889e-04 1.067336683417e-03 7.259962027849e-06 1.067336683417e-03 9.997838100397e-01
1.073366834171e-03 1.916977001730e-04 1.073366834171e-03 5.994238019526e-06 1.073366834171e-03 9.998023080618e-01
1.079396984925e-03 1.757171572619e-04 1.079396984925e-03 4.936918805581e-06 1.079396984925e-03 9.998193459239e-01
1.085427135678e-03 1.609132735112e-04 1.085427135678e-03 4.056009845915e-06 1.085427135678e-03 9.998350307166e-01
1.091457286432e-03 1.472140608139e-04 1.091457286432e-03 3.324005387644e-06 1.091457286432e-03 9.998494619338e-01
1.097487437186e-03 1.345506307167e-04 1.097487437186e-03 2.717333010414e-06 1.097487437186e-03 9.998627320363e-01
1.103517587940e-03 1.228571740069e-04 1.103517587940e-03 2.215854285930e-06 1.103517587940e-03 9.998749269717e-01
1.109547738693e-03 1.120709291950e-04 1.109547738693e-03 1.802417990984e-06 1.109547738693e-03 9.998861266528e-01
1.115577889447e-03 1.021321408932e-04 1.115577889447e-03 1.462462168662e-06 1.115577889447e-03 9.998964053969e-01
1.121608040201e-03 9.298400908726e-05 1.121608040201e-03 1.183661273812e-06 1.121608040201e-03 9.999058323296e-01
1.127638190955e-03 8.457263026827e-05 1.127638190955e-03 9.556146540711e-07 1.127638190955e-03 9.999144717551e-01
1.133668341709e-03 7.684693137073e-05 1.133668341709e-03 7.695726919853e-07 1.133668341709e-03 9.999223834959e-01
1.139698492462e-03 6.975859743350e-05 1.139698492462e-03 6.181970565525e-07 1.139698492462e-03 9.999296232055e-01
1.145728643216e-03 6.326199385650e-05 1.145728643216e-03 4.953516722361e-07 1.145728643216e-03 9.999362426545e-01
1.151758793970e-03 5.731408410093e-05 1.151758793970e-03 3.959211996724e-07 1.151758793970e-03 9.999422899947e-01
1.157788944724e-03 5.187434362650e-05 1.157788944724e-03 3.156540280894e-07 1.157788944724e-03 9.999478100023e-01
1.163819095477e-03 4.690467082370e-05 1.163819095477e-03 2.510269959920e-07 1.163819095477e-03 9.999528443022e-01
1.169849246231e-03 4.236929565195e-05 1.169849246231e-03 1.991292781778e-07 1.169849246231e-03 9.999574315751e-01
1.175879396985e-03 3.823468664528e-05 1.175879396985e-03 1.575630990715e-07 1.175879396985e-03 9.999616077503e-01
1.181909547739e-03 3.446945690352e-05 1.181909547739e-03 1.243591495510e-07 1.181909547739e-03 9.999654061839e-01
1.187939698492e-03 3.104426963658e-05 1.187939698492e-03 9.790479430297e-08 1.187939698492e-03 9.999688578256e-01
1.193969849246e-03 2.793174378466e-05 1.193969849246e-03 7.688335667763e-08 1.193969849246e-03 9.999719913729e-01
1.200000000000e-03 2.510636018579e-05 1.200000000000e-03 6.022295601094e-08 1.200000000000e-03 9.999748334169e-01
